2 
0 
13 
32 
18 
-3 
2 
2 
-21 
-19 
1 
2 
-6 
-9 
14 
8 
17 
34 
14 
-14 
-12 
9 
18 
13 
42 
24 
6 
37 
13 
-7 
-18 
27 
12 
2 
0 
13 
32 
18 
-3 
2 
144 
143 
125 
109 
147 
160 
165 
161 
117 
105 
104 
119 
111 
130 
169 
130 
85 
84 
88 
75 
84 
78 
70 
96 
107 
100 
73 
57 
80 
91 
80 
70 
69 
60 
68 
89 
96 
76 
53 
41 
64 
80 
78 
69 
99 
96 
71 
77 
65 
47 
50 
83 
62 
60 
70 
62 
55 
76 
93 
67 
55 
40 
16 
30 
78 
110 
95 
66 
46 
53 
81 
94 
47 
31 
32 
39 
77 
88 
80 
45 
34 
27 
15 
28 
55 
106 
126 
119 
82 
27 
-21 
-17 
34 
79 
104 
76 
40 
8 
13 
25 
68 
107 
87 
78 
64 
38 
27 
8 
47 
51 
81 
78 
30 
-1 
-3 
1 
32 
84 
108 
88 
59 
12 
-5 
2 
36 
103 
103 
95 
65 
32 
22 
-5 
-41 
-61 
-20 
67 
120 
108 
58 
37 
29 
7 
7 
31 
73 
103 
107 
65 
39 
-9 
-48 
-35 
12 
60 
66 
51 
41 
63 
60 
54 
40 
40 
46 
48 
34 
17 
48 
41 
6 
50 
63 
39 
6 
-10 
6 
22 
49 
58 
79 
82 
53 
23 
14 
9 
-13 
6 
16 
32 
53 
62 
30 
31 
44 
48 
56 
42 
28 
5 
-11 
9 
30 
32 
-15 
-24 
13 
67 
108 
79 
38 
9 
29 
37 
9 
14 
8 
26 
13 
10 
33 
45 
28 
-12 
-31 
5 
70 
87 
82 
97 
57 
-2 
-15 
-29 
1 
1 
26 
33 
27 
-18 
-22 
0 
26 
32 
45 
52 
59 
48 
36 
9 
12 
46 
84 
64 
-4 
-37 
-62 
-53 
-21 
43 
91 
59 
42 
22 
-25 
-27 
-11 
9 
90 
123 
65 
12 
-20 
-16 
-23 
-8 
11 
19 
53 
61 
40 
21 
0 
-22 
-7 
-14 
-9 
14 
56 
110 
63 
44 
12 
12 
29 
-6 
32 
35 
20 
24 
-22 
-23 
1 
30 
27 
8 
-18 
-12 
29 
8 
64 
78 
48 
-1 
-39 
-43 
-34 
-25 
27 
66 
57 
54 
27 
-7 
-11 
-10 
4 
17 
5 
12 
15 
21 
12 
28 
11 
-15 
3 
2 
6 
24 
57 
66 
35 
-7 
-48 
-31 
-4 
26 
28 
-6 
-1 
5 
14 
18 
17 
61 
39 
30 
28 
10 
20 
22 
8 
-15 
-19 
-8 
-21 
-22 
-29 
-6 
31 
74 
39 
19 
13 
9 
-20 
-5 
18 
31 
43 
40 
16 
-18 
-16 
-50 
-49 
-21 
56 
76 
59 
58 
42 
-2 
-34 
-52 
-19 
27 
40 
17 
-5 
-21 
-20 
-5 
6 
9 
25 
-5 
7 
11 
39 
35 
30 
10 
1 
26 
58 
29 
-14 
-42 
-32 
-18 
14 
65 
76 
24 
-18 
-14 
-5 
8 
25 
42 
48 
27 
35 
10 
-21 
-27 
-35 
-11 
26 
50 
69 
66 
43 
12 
19 
15 
-7 
3 
11 
19 
54 
29 
18 
-25 
-2 
16 
42 
49 
51 
9 
1 
-3 
2 
7 
18 
26 
4 
3 
-5 
8 
56 
84 
80 
52 
18 
1 
-7 
-18 
1 
36 
59 
49 
-3 
-62 
-86 
-42 
19 
71 
74 
48 
9 
-5 
-24 
-21 
15 
57 
55 
35 
-5 
-8 
0 
10 
44 
48 
15 
6 
4 
-9 
-1 
16 
34 
36 
23 
-4 
-19 
-25 
1 
-4 
5 
45 
36 
6 
-11 
-2 
30 
6 
-22 
-13 
-18 
-23 
-9 
23 
25 
20 
10 
7 
-1 
-9 
-16 
4 
47 
46 
33 
8 
-49 
-25 
27 
57 
37 
10 
-15 
2 
14 
27 
61 
71 
8 
-55 
-20 
-11 
0 
20 
10 
15 
9 
-19 
-27 
-5 
64 
76 
62 
42 
6 
-29 
-17 
12 
45 
58 
52 
9 
-18 
-16 
7 
33 
20 
-3 
-21 
1 
27 
13 
11 
40 
74 
60 
38 
21 
2 
32 
20 
4 
11 
-4 
-17 
-25 
12 
36 
37 
19 
-5 
5 
28 
19 
43 
52 
76 
52 
62 
19 
-16 
-12 
1 
30 
30 
44 
33 
22 
-24 
-31 
27 
19 
16 
10 
22 
45 
29 
66 
63 
25 
10 
-16 
-14 
1 
53 
51 
8 
-28 
-57 
-8 
7 
6 
20 
12 
79 
84 
46 
13 
-15 
22 
53 
55 
59 
3 
-17 
-45 
-49 
-31 
11 
43 
22 
21 
25 
30 
16 
23 
18 
26 
8 
-8 
-3 
27 
13 
6 
8 
6 
43 
29 
5 
-34 
-30 
-9 
9 
42 
45 
40 
14 
-31 
-50 
-16 
26 
8 
5 
34 
63 
63 
-4 
-48 
-68 
-57 
5 
-11 
-18 
-22 
4 
38 
69 
71 
53 
2 
-9 
-20 
-18 
27 
22 
14 
-24 
-34 
-44 
-39 
-11 
0 
1 
34 
31 
29 
23 
-2 
0 
-4 
5 
-17 
-17 
-25 
-26 
2 
34 
76 
37 
-4 
-24 
-49 
-16 
-1 
11 
9 
38 
51 
39 
-6 
-42 
-30 
-6 
22 
-5 
-40 
-35 
-32 
-17 
-18 
-1 
18 
6 
5 
-1 
22 
41 
42 
10 
-1 
11 
5 
1 
-6 
-43 
-46 
-27 
16 
51 
24 
-13 
-20 
-8 
14 
-5 
-31 
-4 
11 
6 
-11 
16 
22 
-29 
36 
13 
1 
-36 
-20 
5 
32 
36 
-23 
-32 
-41 
-18 
2 
1 
13 
40 
-24 
-14 
21 
-6 
-2 
-8 
22 
17 
-25 
-15 
8 
30 
25 
21 
10 
-33 
-16 
-46 
6 
47 
52 
42 
-11 
-33 
-48 
-32 
-13 
-10 
9 
57 
26 
-8 
3 
-35 
-74 
-2 
23 
30 
42 
17 
-43 
-48 
-9 
-15 
27 
11 
2 
30 
17 
-46 
-49 
9 
-12 
-7 
23 
9 
-32 
3 
30 
-34 
-39 
-29 
27 
59 
52 
29 
-18 
-29 
-34 
-5 
4 
-12 
23 
29 
0 
3 
-4 
-29 
-11 
7 
18 
12 
39 
20 
-19 
-2 
12 
-14 
-49 
-23 
33 
47 
12 
-45 
-33 
-34 
-38 
16 
47 
6 
16 
17 
-8 
-15 
-15 
10 
15 
-26 
17 
36 
38 
-9 
-26 
-13 
-21 
11 
25 
16 
-14 
-9 
-24 
-8 
-2 
5 
25 
15 
-8 
1 
11 
3 
-21 
0 
9 
35 
3 
-49 
-24 
-16 
-17 
16 
36 
32 
11 
1 
-3 
8 
15 
-27 
-8 
14 
4 
6 
-29 
-19 
-7 
-10 
-22 
-3 
7 
9 
-11 
-13 
-33 
-13 
1 
6 
-12 
12 
3 
-20 
-47 
-51 
-32 
32 
28 
-19 
36 
29 
12 
-33 
-44 
-23 
8 
41 
17 
-8 
6 
-24 
-52 
-26 
18 
6 
-16 
-28 
-28 
-31 
22 
19 
55 
38 
-32 
-104 
-91 
-17 
74 
105 
67 
-8 
-39 
-83 
-75 
-15 
56 
57 
24 
-10 
-34 
-56 
26 
39 
8 
2 
-47 
-13 
25 
35 
48 
33 
25 
-33 
-60 
-58 
-16 
41 
39 
23 
-8 
-74 
-65 
-4 
15 
30 
41 
-26 
-17 
-11 
15 
-42 
-17 
-5 
-13 
-34 
-18 
6 
22 
-5 
-13 
-27 
-35 
-28 
-3 
-1 
3 
25 
23 
2 
-20 
-31 
-28 
13 
31 
61 
17 
-24 
-33 
-23 
-12 
8 
31 
30 
-5 
29 
1 
-24 
-14 
32 
34 
20 
24 
2 
-23 
1 
7 
-9 
-22 
-50 
3 
20 
-9 
14 
15 
15 
-5 
-11 
-1 
17 
-14 
9 
68 
50 
20 
-3 
-36 
-47 
-16 
29 
47 
24 
64 
44 
-20 
-25 
-38 
-27 
18 
48 
68 
45 
11 
-23 
-59 
-28 
10 
31 
34 
26 
-20 
-36 
7 
1 
2 
2 
-3 
9 
21 
14 
0 
-8 
-32 
-31 
7 
2 
-10 
4 
16 
-18 
-32 
-11 
-5 
18 
32 
21 
-9 
-54 
-47 
11 
57 
41 
-4 
12 
-1 
-16 
-5 
-29 
-9 
23 
8 
0 
-21 
2 
16 
2 
-24 
-18 
-2 
-2 
7 
7 
8 
17 
-35 
-48 
-4 
30 
25 
-20 
-47 
-32 
-11 
20 
52 
13 
-12 
-13 
-11 
21 
36 
25 
-36 
-2 
22 
7 
-9 
-18 
-10 
19 
-34 
-8 
15 
20 
-4 
-55 
-12 
-6 
-7 
18 
12 
11 
-6 
-9 
-13 
8 
0 
26 
27 
-14 
-2 
11 
-9 
-14 
-9 
-13 
42 
86 
49 
8 
-34 
-34 
-13 
-10 
58 
62 
16 
-11 
-34 
-20 
-10 
6 
51 
43 
-25 
-85 
-84 
42 
97 
49 
-39 
-55 
-14 
-25 
19 
67 
58 
50 
-44 
-99 
-106 
11 
88 
89 
67 
-2 
-83 
-119 
-22 
79 
61 
57 
64 
29 
-10 
-86 
-70 
4 
69 
102 
36 
-45 
-60 
-26 
51 
34 
64 
43 
-53 
-88 
-10 
76 
55 
-50 
-23 
-15 
-17 
16 
49 
75 
83 
3 
-94 
-86 
-57 
39 
62 
82 
66 
18 
-73 
-78 
-10 
85 
52 
1 
-36 
-5 
17 
-22 
-36 
36 
76 
9 
-38 
-57 
-70 
-34 
29 
74 
59 
24 
-9 
-71 
-96 
16 
80 
94 
54 
10 
-31 
-73 
-44 
16 
20 
26 
-28 
-34 
-5 
-1 
19 
8 
47 
27 
-8 
-36 
-67 
12 
73 
86 
26 
-39 
-69 
-39 
35 
43 
45 
32 
-18 
-48 
-65 
-39 
7 
21 
6 
-51 
-113 
-126 
-107 
-51 
5 
0 
-39 
-50 
-51 
-123 
-114 
-27 
4 
20 
16 
-35 
-77 
-82 
-28 
-50 
-18 
47 
-1 
-52 
-64 
-64 
-39 
-39 
-10 
-25 
-45 
-80 
-57 
0 
14 
-22 
-34 
-51 
-56 
-28 
-26 
-39 
-5 
-25 
-16 
-37 
-36 
9 
53 
17 
-39 
-68 
-76 
-54 
-14 
12 
38 
-9 
-38 
-47 
-44 
9 
-18 
-10 
10 
-10 
-2 
-11 
-38 
-58 
-70 
-45 
-24 
35 
19 
-31 
-46 
-66 
-18 
-12 
-12 
24 
12 
-22 
-42 
-38 
-50 
-37 
4 
6 
-31 
-32 
-36 
-46 
-23 
-4 
-18 
-15 
4 
-34 
-28 
-19 
-42 
-7 
0 
-32 
-59 
-50 
-26 
14 
15 
-4 
-32 
-45 
-37 
-55 
-19 
11 
62 
33 
-47 
-23 
-45 
-55 
-49 
0 
41 
16 
-31 
-94 
-85 
-23 
23 
36 
9 
-13 
-19 
-48 
-37 
0 
9 
23 
-8 
-40 
-48 
-32 
-18 
-9 
1 
8 
-41 
-36 
-21 
-41 
1 
4 
-1 
-24 
-57 
-28 
-2 
33 
11 
-33 
-39 
-68 
-11 
-16 
-17 
-7 
36 
29 
-35 
-38 
-23 
-21 
12 
8 
-4 
11 
12 
-21 
-39 
-30 
7 
49 
17 
-38 
-35 
-15 
18 
-10 
-25 
-18 
-11 
-3 
-8 
-12 
-4 
8 
-6 
-19 
15 
11 
8 
-11 
-16 
-8 
7 
7 
2 
-9 
-8 
0 
0 
14 
4 
-1 
-2 
14 
23 
2 
4 
17 
5 
-9 
-7 
13 
11 
6 
6 
-8 
-14 
-9 
3 
1 
3 
2 
5 
8 
-4 
2 
12 
20 
2 
-3 
-2 
0 
-14 
-3 
-3 
-16 
-4 
-4 
0 
-4 
11 
-1 
-3 
8 
5 
-4 
-9 
12 
2 
2 
12 
14 
-3 
-1 
-13 
-21 
-4 
-5 
8 
-6 
4 
-10 
-19 
-32 
-21 
-24 
-14 
11 
26 
14 
2 
-22 
-17 
-21 
-22 
-9 
-1 
-3 
-6 
-18 
-5 
-5 
8 
8 
-4 
3 
-3 
7 
26 
15 
-2 
0 
-12 
-13 
-21 
-20 
-5 
4 
2 
6 
-22 
-31 
-38 
-19 
-7 
-2 
3 
-19 
1 
-5 
-15 
-10 
8 
18 
4 
-5 
-9 
-12 
-16 
-11 
-10 
12 
17 
10 
-11 
-3 
-27 
-22 
10 
17 
10 
-6 
9 
-10 
-16 
-13 
-33 
-16 
2 
14 
7 
3 
-7 
10 
6 
-2 
18 
-16 
1 
14 
20 
11 
3 
4 
-5 
-14 
-2 
5 
11 
23 
6 
-4 
6 
-4 
-11 
-12 
-2 
-9 
4 
30 
27 
-6 
-11 
-15 
-3 
8 
-9 
-10 
-7 
-7 
-3 
-12 
4 
12 
5 
-7 
-15 
-17 
-12 
10 
26 
13 
9 
-16 
-16 
-18 
-16 
-6 
-5 
10 
9 
-8 
-16 
-20 
-17 
-5 
-11 
-9 
-4 
-9 
-6 
2 
-30 
-13 
-2 
-12 
-19 
-22 
-15 
-26 
-23 
-20 
-24 
-8 
-11 
-1 
-9 
-1 
-10 
-17 
-19 
-5 
-2 
6 
-9 
-25 
-33 
-31 
-23 
-8 
12 
-8 
-10 
-14 
-5 
-6 
-11 
-2 
1 
-1 
1 
-2 
3 
-8 
4 
-5 
17 
-10 
-16 
-36 
-19 
-5 
5 
10 
0 
-12 
-9 
-19 
4 
-7 
5 
24 
10 
-5 
4 
14 
27 
8 
-5 
5 
-2 
3 
5 
9 
6 
0 
2 
6 
15 
8 
0 
12 
20 
17 
7 
-3 
1 
8 
6 
13 
-4 
15 
8 
6 
7 
23 
12 
10 
15 
11 
4 
9 
33 
31 
21 
6 
12 
16 
16 
8 
5 
7 
3 
2 
8 
20 
18 
14 
0 
7 
11 
13 
27 
32 
7 
8 
21 
19 
5 
15 
24 
9 
10 
-1 
20 
11 
14 
4 
-3 
0 
11 
24 
30 
22 
33 
2 
-9 
-7 
7 
22 
12 
-13 
-27 
-16 
-17 
-21 
-6 
2 
2 
3 
-15 
8 
1 
7 
21 
15 
3 
-9 
-3 
-19 
-19 
0 
-7 
7 
-11 
7 
-4 
-4 
-6 
4 
-4 
-13 
-16 
5 
10 
-25 
-12 
0 
-8 
-2 
-17 
-6 
-12 
-8 
4 
1 
6 
8 
-10 
-13 
-1 
-5 
6 
1 
-6 
-2 
-17 
-10 
-7 
-3 
-8 
-12 
-5 
1 
-11 
-25 
-27 
-16 
-1 
4 
-3 
-13 
-8 
-1 
18 
34 
12 
8 
6 
-17 
-12 
1 
3 
1 
0 
5 
0 
5 
21 
6 
-10 
-4 
-1 
16 
17 
21 
2 
2 
11 
8 
0 
-8 
3 
0 
11 
11 
12 
15 
4 
-3 
-11 
-5 
10 
6 
18 
27 
8 
7 
2 
-4 
8 
13 
16 
4 
-8 
-9 
-9 
-6 
9 
32 
29 
9 
5 
-12 
-35 
6 
27 
33 
30 
17 
-24 
-34 
-20 
6 
13 
20 
15 
12 
5 
-4 
-5 
19 
37 
21 
7 
15 
17 
-7 
5 
13 
9 
4 
6 
-8 
-13 
-7 
-6 
-2 
16 
22 
5 
-6 
-17 
-6 
5 
14 
22 
3 
10 
0 
-2 
0 
6 
-12 
-21 
-16 
-26 
0 
-7 
-10 
4 
-10 
-16 
-14 
-28 
-12 
10 
10 
-19 
-27 
-27 
-15 
2 
7 
-9 
-29 
-36 
-41 
-32 
-16 
-13 
1 
-7 
-20 
-29 
-25 
-3 
-13 
-16 
-19 
-19 
-14 
-11 
-12 
-19 
-32 
-17 
-20 
-33 
-25 
-26 
-21 
-26 
-10 
-35 
-79 
-71 
-69 
-79 
-70 
-63 
-65 
-62 
-71 
-71 
-70 
-77 
-63 
-61 
-52 
-47 
-56 
-53 
-45 
-31 
-52 
-36 
-32 
-40 
-35 
-38 
-40 
-48 
-46 
-40 
-26 
-32 
-22 
-29 
-34 
-42 
-43 
-29 
-22 
-26 
-14 
-12 
-14 
-28 
-31 
-45 
-40 
-29 
-26 
-21 
-28 
-35 
-33 
-32 
-32 
-33 
-35 
-23 
-24 
-22 
-14 
-26 
-10 
-10 
-23 
-25 
-18 
-9 
-15 
-1 
-2 
-24 
-25 
-16 
-3 
-6 
1 
-7 
-28 
-34 
-26 
-33 
3 
16 
2 
-7 
-18 
-23 
-35 
-31 
-17 
-9 
-5 
-21 
-13 
-20 
-24 
-20 
-3 
-17 
-18 
-14 
-4 
3 
-16 
1 
-5 
-4 
-7 
-22 
-8 
-22 
-19 
-12 
-7 
9 
-4 
-12 
-28 
-28 
-19 
-3 
-3 
11 
-8 
-21 
-17 
-21 
-15 
-24 
-17 
-11 
-15 
-4 
-15 
1 
-8 
-16 
-21 
-26 
-34 
-16 
-18 
9 
5 
-9 
-20 
-37 
-37 
-35 
-8 
-6 
-27 
-25 
-35 
-35 
-28 
-17 
-2 
-5 
-23 
-13 
-22 
-5 
-15 
-17 
-5 
-15 
-4 
-22 
-32 
-43 
-23 
-25 
-17 
-13 
-20 
-19 
-36 
-25 
-14 
-7 
19 
15 
13 
-5 
-10 
-7 
0 
-4 
-1 
-8 
-15 
2 
12 
10 
22 
5 
14 
2 
3 
7 
34 
33 
23 
17 
3 
3 
-2 
10 
14 
3 
15 
2 
30 
22 
16 
0 
-11 
-3 
4 
20 
29 
33 
5 
-2 
7 
2 
22 
15 
9 
-3 
-2 
1 
29 
24 
24 
12 
3 
-4 
12 
0 
19 
35 
12 
12 
5 
5 
1 
-2 
-13 
-9 
-11 
5 
-7 
6 
-11 
13 
-6 
-5 
0 
16 
11 
31 
48 
9 
0 
-1 
-3 
-2 
7 
10 
8 
-9 
6 
14 
5 
7 
-5 
-4 
0 
1 
-6 
11 
11 
-18 
-6 
-4 
4 
25 
7 
-3 
-22 
-8 
-1 
1 
15 
19 
23 
8 
-12 
-24 
-14 
-2 
21 
20 
20 
18 
-8 
-26 
-19 
-11 
6 
6 
6 
17 
9 
1 
3 
1 
-4 
1 
9 
24 
40 
26 
11 
-6 
17 
13 
19 
3 
-1 
-3 
1 
-2 
6 
8 
4 
-9 
-10 
-8 
-3 
4 
15 
13 
2 
-4 
14 
3 
10 
12 
0 
-8 
-1 
-7 
9 
13 
4 
-3 
-8 
6 
-1 
-1 
14 
34 
9 
-9 
-10 
2 
-3 
1 
1 
-6 
-3 
-1 
-13 
-4 
-4 
-6 
-9 
-11 
2 
11 
1 
-6 
2 
-2 
4 
4 
-1 
-5 
-12 
-13 
-12 
-25 
-1 
11 
-5 
-2 
-17 
-23 
-17 
-19 
-7 
15 
25 
-10 
-10 
-19 
-18 
-16 
-2 
1 
-8 
-13 
-15 
-14 
-20 
-4 
-3 
2 
0 
-7 
-1 
-3 
-16 
1 
-14 
-1 
8 
-9 
-14 
-7 
-30 
-12 
-13 
-9 
2 
-16 
-27 
-11 
-19 
-5 
-14 
-13 
-5 
11 
4 
-6 
4 
5 
-13 
-12 
-9 
-20 
-15 
-2 
-5 
-11 
-10 
-7 
-26 
-25 
-15 
-16 
3 
11 
17 
8 
1 
-12 
-5 
-5 
3 
-6 
2 
-1 
1 
4 
8 
-10 
-9 
-2 
7 
13 
8 
6 
16 
-15 
-9 
-17 
-8 
-5 
1 
-2 
-2 
-11 
-12 
-4 
-11 
-2 
-4 
15 
0 
-11 
-5 
3 
15 
21 
4 
5 
-1 
1 
-5 
-6 
5 
4 
5 
-2 
-1 
-3 
-2 
-5 
16 
12 
9 
2 
-6 
23 
2 
21 
8 
1 
-1 
0 
-3 
-8 
7 
2 
14 
3 
1 
4 
9 
4 
9 
24 
26 
22 
0 
0 
1 
11 
-2 
0 
5 
-16 
-10 
-4 
-16 
-1 
-5 
-8 
4 
0 
-2 
-8 
-2 
31 
24 
15 
11 
7 
2 
-5 
10 
5 
3 
3 
7 
-2 
-1 
-9 
13 
7 
1 
-13 
-3 
5 
27 
2 
9 
4 
16 
2 
4 
16 
18 
10 
-3 
4 
11 
6 
9 
19 
25 
15 
8 
6 
26 
8 
15 
18 
-3 
6 
1 
29 
2 
-1 
11 
10 
-1 
-9 
4 
2 
7 
10 
21 
20 
24 
0 
0 
17 
16 
30 
21 
20 
5 
-3 
-3 
6 
17 
20 
8 
1 
-1 
-7 
-8 
17 
31 
28 
0 
-7 
2 
3 
-6 
-11 
-1 
3 
1 
-14 
-10 
-2 
3 
2 
-14 
-12 
-13 
-2 
14 
20 
-2 
6 
-11 
0 
4 
3 
6 
6 
10 
11 
-6 
-6 
-23 
-19 
5 
17 
26 
15 
1 
15 
-8 
-16 
11 
18 
9 
6 
6 
-3 
-14 
-7 
5 
-10 
-1 
0 
7 
1 
-4 
-9 
-8 
8 
18 
16 
5 
-3 
0 
-1 
-18 
2 
-8 
6 
3 
-13 
-7 
2 
-3 
7 
0 
6 
14 
28 
9 
3 
2 
-5 
7 
9 
13 
-7 
-7 
1 
-6 
8 
0 
3 
10 
-1 
2 
10 
0 
16 
28 
12 
4 
13 
-8 
0 
4 
12 
-3 
-3 
-13 
-4 
-3 
2 
5 
-6 
15 
3 
-5 
9 
18 
10 
-2 
-2 
-6 
-44 
-55 
-49 
-45 
-54 
-45 
-34 
-46 
-45 
-56 
-52 
-45 
-41 
-38 
-48 
-21 
-24 
-26 
-35 
-52 
-58 
-40 
-34 
-32 
-38 
-35 
-44 
-38 
-33 
-34 
-29 
-21 
-22 
-22 
-12 
3 
18 
-5 
-17 
-25 
-26 
-18 
-18 
-18 
-25 
-12 
-12 
-20 
-18 
-24 
-24 
-18 
-20 
-25 
-25 
-6 
-11 
-20 
-22 
-17 
-13 
-12 
-20 
-39 
-32 
-23 
-2 
-5 
3 
-8 
-18 
-27 
-36 
-16 
-8 
-1 
8 
3 
-22 
-32 
-19 
-22 
-9 
3 
4 
-10 
-22 
-25 
-27 
-33 
-22 
-11 
-25 
-25 
-34 
-30 
-5 
-4 
-18 
-27 
-26 
-21 
-14 
-19 
-27 
-25 
-14 
-21 
-21 
-32 
-26 
-25 
-21 
-15 
-19 
-36 
-8 
-6 
-30 
-33 
-36 
-37 
-39 
-30 
-30 
-35 
-38 
-44 
-44 
-46 
-42 
-32 
-31 
-33 
-19 
-33 
-39 
-23 
-32 
-17 
-18 
-21 
-26 
-46 
-33 
-34 
-36 
-41 
-36 
-35 
-28 
-30 
-29 
-34 
-31 
-37 
-17 
-7 
-14 
-28 
-35 
-36 
-37 
-40 
-34 
-21 
-18 
-26 
-28 
-40 
-29 
-19 
-33 
-33 
-23 
-20 
-20 
-6 
-15 
-31 
-28 
-30 
-30 
-26 
-14 
-22 
-34 
-30 
-19 
-7 
-16 
-24 
-20 
-21 
-10 
-20 
-24 
-2 
8 
-15 
-15 
-14 
-9 
-12 
19 
1 
-21 
-40 
-24 
-14 
9 
3 
-16 
-12 
-10 
-12 
16 
25 
10 
-28 
-27 
-40 
-25 
45 
12 
-33 
1 
-9 
-26 
-35 
-22 
-5 
13 
33 
26 
-5 
-6 
-19 
-37 
-45 
-25 
11 
27 
24 
-16 
-2 
-32 
-29 
-35 
-7 
23 
57 
36 
-1 
-20 
-40 
-30 
6 
-1 
13 
13 
16 
-19 
-49 
-19 
16 
19 
-15 
-17 
-29 
-2 
-7 
-39 
-82 
-9 
31 
12 
-25 
-43 
-40 
-5 
12 
7 
-46 
-10 
20 
24 
12 
-23 
-42 
-8 
20 
44 
16 
34 
50 
-8 
-20 
-48 
7 
58 
20 
22 
-14 
-16 
37 
17 
16 
-20 
7 
0 
-12 
-17 
40 
41 
28 
-18 
-9 
-7 
6 
72 
65 
5 
-30 
-21 
-21 
-14 
32 
70 
44 
8 
-3 
-32 
-43 
-35 
54 
110 
54 
4 
-38 
-39 
18 
29 
39 
22 
25 
24 
-5 
-18 
33 
14 
9 
-20 
-9 
0 
40 
45 
16 
-3 
6 
-20 
-5 
-3 
50 
30 
6 
-1 
-17 
11 
16 
24 
8 
-17 
9 
38 
27 
5 
-16 
-27 
-7 
34 
43 
23 
50 
6 
-81 
-43 
-2 
28 
39 
44 
18 
-9 
-61 
-34 
-7 
39 
78 
47 
0 
-51 
-59 
-23 
-4 
31 
48 
48 
0 
-40 
-53 
-26 
36 
56 
32 
31 
-26 
-53 
-30 
-30 
10 
63 
52 
-12 
-92 
-51 
-34 
3 
23 
36 
20 
-1 
-14 
-32 
-45 
1 
-4 
27 
42 
19 
-7 
-7 
-15 
-21 
-32 
8 
54 
51 
-1 
-49 
-57 
-57 
6 
65 
62 
20 
-30 
-60 
-6 
25 
30 
36 
28 
-6 
-43 
-28 
-2 
38 
43 
20 
7 
-45 
-41 
-35 
-14 
52 
65 
34 
-1 
-31 
-10 
5 
0 
-5 
-21 
7 
23 
-15 
-12 
2 
-1 
12 
-10 
13 
6 
-10 
14 
-2 
1 
45 
47 
-12 
-46 
-49 
-31 
11 
48 
23 
-11 
5 
-29 
-33 
-9 
-1 
9 
10 
-8 
-39 
7 
46 
-4 
-6 
-13 
-8 
-20 
-26 
12 
34 
-4 
-18 
-41 
-55 
-17 
31 
23 
38 
-19 
-55 
-50 
1 
50 
91 
46 
-32 
-77 
-47 
-37 
-1 
47 
49 
7 
-17 
-46 
-38 
-5 
15 
9 
-3 
9 
37 
22 
-2 
-40 
-32 
-11 
-6 
-7 
13 
38 
34 
-51 
-95 
-59 
-37 
12 
8 
-1 
-19 
-34 
-39 
-52 
17 
44 
-20 
-54 
-43 
-21 
0 
-14 
-26 
-9 
23 
-2 
-29 
-21 
8 
-2 
-17 
-26 
4 
-6 
-19 
-9 
-9 
-14 
-33 
-15 
6 
-40 
-29 
-6 
17 
1 
-34 
-28 
-29 
-34 
-15 
27 
10 
-14 
13 
2 
-18 
6 
-3 
-24 
-28 
-9 
-6 
11 
12 
-5 
-21 
-13 
-12 
-6 
-2 
-25 
19 
56 
-17 
-33 
13 
34 
16 
-20 
-31 
-5 
24 
9 
21 
5 
-11 
-32 
-6 
-14 
-10 
-2 
-3 
3 
18 
4 
7 
22 
7 
-21 
-33 
-49 
-28 
-8 
25 
39 
15 
-40 
-23 
-16 
-24 
-18 
-2 
45 
76 
-13 
-38 
-38 
1 
13 
-13 
-9 
15 
-15 
-9 
-52 
-26 
14 
28 
20 
-23 
-37 
-60 
-24 
17 
17 
60 
36 
-44 
-96 
-75 
-29 
17 
48 
36 
3 
-36 
-58 
-93 
-22 
31 
34 
-4 
-31 
-21 
-15 
-28 
-18 
-1 
-3 
-13 
-15 
-56 
-57 
-1 
24 
-7 
-21 
-26 
-51 
2 
28 
25 
-8 
-12 
-12 
-37 
-29 
2 
35 
51 
-7 
-52 
-80 
-58 
-3 
33 
30 
1 
-17 
-57 
-57 
-41 
-3 
50 
45 
-17 
-12 
-41 
-55 
-34 
30 
8 
4 
12 
11 
-7 
-19 
-28 
-19 
-20 
1 
-8 
-14 
1 
7 
-3 
0 
-12 
-7 
-23 
-23 
-2 
2 
-22 
-21 
-23 
0 
18 
-20 
-36 
-40 
-42 
-9 
24 
65 
7 
-13 
-11 
-17 
-26 
-80 
-82 
-36 
2 
-14 
-70 
-110 
-98 
-95 
-77 
-33 
22 
11 
-45 
-106 
-116 
-87 
-23 
-15 
7 
-11 
-75 
-101 
-116 
-71 
-11 
26 
-15 
-38 
-51 
-39 
-41 
-31 
-28 
-14 
5 
-15 
-43 
-17 
-50 
-59 
-43 
-22 
-31 
-2 
2 
-9 
-34 
-64 
-93 
-64 
-10 
19 
-5 
-21 
-10 
-42 
-64 
-49 
-8 
14 
-13 
1 
-9 
-30 
-32 
-24 
-3 
1 
-8 
-22 
-27 
-8 
-38 
-48 
-8 
8 
37 
40 
3 
-33 
-42 
-58 
-26 
21 
35 
12 
-30 
-33 
-19 
4 
16 
-13 
-13 
-26 
3 
9 
9 
25 
6 
-30 
-42 
-14 
25 
10 
-9 
-43 
-30 
18 
6 
8 
27 
20 
-9 
-28 
-31 
23 
41 
42 
21 
14 
-2 
-45 
-39 
-14 
25 
24 
23 
7 
-28 
-64 
-44 
-2 
29 
47 
24 
-8 
-55 
-24 
1 
14 
16 
15 
-8 
-30 
-61 
-32 
-3 
-7 
-1 
-5 
-19 
-24 
9 
-11 
-13 
11 
17 
-7 
15 
2 
-15 
-24 
-21 
-28 
-9 
-8 
5 
-12 
-30 
-8 
3 
-15 
-31 
-20 
8 
49 
42 
-51 
-58 
-11 
-5 
-5 
-18 
-10 
-6 
-20 
6 
-17 
-40 
-26 
-20 
13 
29 
4 
-26 
-4 
33 
57 
42 
13 
-17 
11 
22 
7 
21 
32 
-26 
-46 
-2 
-2 
2 
34 
15 
12 
-19 
-29 
-13 
-3 
-24 
7 
-24 
10 
16 
6 
-20 
-49 
-18 
-2 
10 
8 
-16 
22 
1 
-10 
-36 
-36 
-6 
-5 
-5 
0 
-28 
1 
-19 
-41 
-57 
-52 
-10 
3 
-10 
-16 
-30 
-42 
-38 
-59 
-49 
17 
43 
29 
-23 
-65 
-91 
-75 
-20 
5 
26 
33 
-4 
-98 
-119 
-84 
-18 
11 
6 
-9 
-33 
-52 
-65 
-33 
3 
-4 
11 
-35 
-61 
-46 
-13 
-15 
-61 
-74 
-26 
-4 
16 
-9 
-49 
-61 
-34 
-46 
-38 
4 
30 
10 
-12 
-55 
-71 
-48 
-25 
-26 
0 
26 
29 
-1 
-57 
-74 
-37 
1 
0 
-20 
-18 
33 
38 
-18 
-46 
-15 
20 
-5 
-22 
-9 
-22 
-13 
-6 
-1 
-1 
-5 
-12 
-25 
-28 
-8 
10 
13 
38 
8 
-20 
-15 
-36 
-26 
14 
34 
60 
37 
-18 
-69 
-27 
3 
5 
30 
-8 
7 
-17 
-31 
13 
10 
12 
1 
-17 
12 
-4 
2 
-19 
0 
-3 
-4 
-23 
-45 
-23 
13 
10 
-7 
-37 
-15 
25 
37 
-22 
-16 
-15 
9 
12 
-22 
-27 
-16 
-5 
-14 
-14 
15 
14 
28 
-31 
-48 
-63 
-27 
66 
35 
-11 
-39 
1 
-11 
-25 
-9 
32 
-10 
-33 
-23 
-15 
9 
-11 
-14 
22 
30 
-15 
-50 
-47 
20 
41 
29 
17 
-25 
-6 
5 
-19 
-11 
-2 
14 
17 
-6 
-22 
-27 
31 
43 
38 
-6 
-48 
-32 
-4 
31 
52 
25 
13 
-2 
-39 
-62 
-24 
31 
44 
41 
33 
-3 
-13 
-18 
-38 
-18 
32 
59 
22 
-25 
-48 
-16 
19 
4 
24 
23 
-31 
-46 
-2 
50 
17 
27 
31 
-25 
-44 
-34 
-33 
13 
60 
49 
0 
-37 
-17 
9 
-35 
-37 
4 
-7 
-41 
-38 
-12 
36 
25 
-34 
-77 
-54 
30 
77 
62 
5 
-24 
-23 
-28 
-64 
3 
28 
26 
-28 
-60 
-38 
-26 
14 
0 
15 
40 
17 
-35 
-55 
-21 
0 
14 
26 
34 
2 
-77 
-35 
-10 
1 
14 
28 
-9 
-54 
-84 
-38 
16 
30 
29 
-3 
-34 
-43 
-46 
-25 
0 
14 
26 
-2 
-42 
-47 
0 
-5 
-47 
-56 
-8 
24 
19 
-23 
-20 
-14 
-12 
23 
2 
-12 
3 
-13 
-13 
-11 
-2 
31 
-11 
-41 
-45 
-8 
41 
13 
-21 
-18 
-18 
-8 
-19 
-9 
30 
11 
16 
-22 
-76 
-44 
3 
24 
4 
-13 
6 
0 
0 
-1 
-48 
1 
47 
16 
-2 
8 
24 
-3 
6 
7 
7 
10 
-10 
-24 
-11 
13 
32 
6 
-4 
-22 
6 
0 
-5 
18 
23 
-9 
33 
36 
5 
-12 
-21 
-17 
-15 
9 
26 
22 
14 
3 
22 
-2 
-28 
1 
27 
28 
5 
-18 
17 
33 
17 
-4 
-9 
14 
10 
-10 
5 
-24 
42 
47 
20 
5 
-31 
-36 
-10 
8 
5 
-1 
34 
47 
24 
-3 
-16 
-35 
-10 
26 
21 
10 
-26 
-38 
15 
7 
3 
13 
-15 
-9 
4 
-14 
-9 
15 
49 
24 
28 
0 
-3 
-24 
-9 
1 
-27 
-22 
9 
25 
34 
4 
-4 
-16 
-25 
-21 
14 
32 
44 
28 
-26 
-47 
-28 
11 
31 
34 
29 
-20 
-41 
-28 
-20 
1 
17 
25 
8 
-19 
-8 
28 
38 
6 
-9 
-11 
-19 
6 
-18 
-6 
4 
4 
-7 
-3 
-11 
14 
-19 
-23 
-6 
22 
17 
12 
15 
9 
-1 
0 
6 
6 
24 
38 
-4 
-16 
-9 
-21 
9 
35 
41 
34 
-9 
-25 
-35 
12 
57 
63 
55 
6 
-17 
-6 
-12 
20 
69 
63 
24 
15 
22 
15 
11 
29 
35 
35 
22 
14 
41 
36 
22 
45 
21 
8 
13 
36 
12 
-4 
18 
56 
23 
23 
26 
9 
3 
10 
33 
46 
50 
47 
-30 
-43 
-45 
-32 
-23 
13 
13 
-14 
-56 
-43 
-32 
-9 
5 
18 
18 
11 
-43 
-85 
-38 
-11 
18 
34 
36 
5 
-57 
-44 
-12 
-20 
-12 
-15 
23 
17 
3 
-10 
-55 
-41 
-27 
-12 
5 
50 
11 
-23 
-52 
-40 
1 
-26 
-38 
-72 
-27 
7 
-23 
-28 
-66 
-38 
-22 
-9 
-2 
-14 
14 
8 
-36 
-70 
-71 
0 
-14 
-17 
-27 
-57 
-62 
-51 
-34 
-7 
28 
-18 
-65 
-83 
-56 
-34 
-31 
26 
20 
-17 
-75 
-95 
-65 
-39 
-23 
-12 
5 
-13 
-39 
-75 
-89 
-44 
-13 
-7 
-5 
-5 
-27 
-71 
-65 
-41 
1 
31 
-38 
-108 
-93 
-59 
-10 
-35 
-39 
-8 
-14 
-44 
-77 
-47 
-30 
-39 
-41 
-27 
12 
35 
-5 
-47 
-65 
-80 
-22 
8 
15 
-1 
8 
-7 
-57 
-49 
-18 
13 
40 
-7 
-49 
-66 
9 
30 
-3 
-14 
-29 
-20 
-5 
3 
2 
-25 
-19 
-8 
-19 
-2 
24 
13 
2 
-27 
-36 
-16 
17 
26 
17 
-2 
-2 
2 
-21 
-19 
-3 
-22 
-24 
-7 
19 
2 
-3 
6 
17 
-4 
-21 
-48 
-42 
10 
34 
28 
-4 
-12 
19 
-23 
-64 
-3 
-66 
-62 
-4 
50 
134 
98 
-6 
-63 
-56 
19 
48 
54 
54 
37 
1 
-53 
-83 
-16 
53 
67 
42 
22 
12 
4 
-19 
-18 
7 
51 
45 
-2 
-35 
-19 
-15 
0 
44 
71 
83 
17 
-38 
-42 
-29 
30 
64 
44 
22 
-3 
-29 
-25 
15 
29 
35 
8 
-24 
-25 
-9 
18 
38 
31 
24 
-8 
-10 
-9 
-2 
-3 
25 
21 
23 
20 
-13 
-34 
-25 
21 
46 
29 
-7 
-22 
-46 
-38 
0 
26 
18 
19 
8 
-26 
-31 
0 
7 
-5 
32 
50 
24 
10 
1 
-41 
-29 
30 
25 
8 
-10 
-17 
-11 
26 
26 
-6 
-31 
-9 
6 
-10 
31 
35 
21 
-36 
-39 
-41 
-39 
15 
44 
33 
3 
-28 
-38 
-29 
8 
27 
82 
62 
47 
-38 
-44 
-46 
-16 
38 
32 
11 
-1 
-15 
-11 
-9 
-8 
2 
0 
10 
8 
15 
-11 
-3 
10 
20 
36 
32 
5 
-15 
-13 
-7 
-3 
37 
46 
34 
-7 
-46 
-42 
8 
53 
45 
23 
7 
-19 
-21 
-12 
10 
34 
27 
13 
-28 
-47 
-35 
10 
59 
46 
30 
-6 
-27 
-35 
2 
18 
12 
26 
26 
-12 
-7 
-18 
-3 
3 
-6 
-12 
-17 
1 
-7 
-33 
-26 
-1 
14 
32 
15 
-48 
-16 
5 
4 
-2 
21 
36 
28 
-25 
-46 
-24 
14 
5 
-5 
-17 
-26 
-14 
20 
20 
-5 
-16 
-31 
-53 
-23 
-3 
8 
41 
26 
-13 
-40 
-47 
-8 
8 
14 
34 
12 
-17 
-41 
-42 
-13 
22 
-2 
7 
22 
-13 
-14 
-21 
1 
8 
17 
2 
-21 
-22 
-26 
12 
15 
-35 
-25 
12 
15 
0 
8 
-6 
11 
22 
4 
-28 
-3 
6 
-8 
-20 
-12 
3 
17 
11 
-34 
-10 
7 
26 
21 
-5 
-6 
-17 
-24 
-9 
6 
28 
38 
15 
-46 
-47 
6 
10 
-4 
9 
13 
-8 
-25 
-23 
17 
30 
15 
-4 
-7 
7 
-10 
-2 
7 
6 
32 
7 
-40 
-15 
10 
-7 
-4 
-13 
-2 
4 
7 
18 
19 
-3 
8 
-23 
0 
24 
24 
57 
30 
5 
-8 
-26 
-20 
-3 
11 
13 
-6 
18 
30 
7 
-3 
-13 
-25 
-5 
28 
41 
40 
28 
-26 
-44 
-41 
-15 
7 
29 
40 
60 
1 
-59 
-56 
-13 
-7 
29 
24 
30 
30 
6 
-18 
-20 
-23 
-13 
-5 
9 
15 
24 
17 
-28 
-58 
-26 
-6 
7 
10 
-3 
-27 
-37 
-19 
-10 
28 
13 
-1 
-18 
-31 
-33 
-21 
-16 
4 
19 
10 
-47 
-48 
-33 
1 
15 
-4 
-23 
-5 
2 
-19 
-11 
-1 
-6 
-23 
-27 
-21 
-24 
-4 
0 
22 
6 
-25 
-32 
-19 
-21 
-23 
3 
24 
-16 
-27 
-28 
-3 
7 
-1 
-19 
-18 
-33 
-60 
-34 
-24 
-27 
-23 
-5 
20 
-21 
-18 
-27 
-16 
-8 
22 
26 
11 
1 
-6 
-42 
-38 
-23 
11 
-6 
0 
-9 
-13 
-3 
-17 
-9 
-8 
-17 
-17 
14 
-15 
-35 
-27 
0 
7 
4 
-15 
-12 
7 
-9 
-4 
3 
-5 
-2 
-2 
4 
-26 
-21 
14 
47 
19 
16 
24 
6 
-26 
-26 
-28 
5 
9 
9 
15 
3 
-12 
-21 
-16 
11 
13 
23 
-13 
5 
22 
3 
-5 
24 
16 
-1 
-24 
-28 
-23 
-10 
7 
26 
17 
6 
-12 
-6 
-8 
-3 
19 
29 
18 
15 
-1 
12 
15 
1 
7 
-5 
-8 
-15 
-10 
4 
4 
13 
13 
-19 
-7 
-1 
-8 
-23 
-9 
11 
11 
5 
4 
1 
16 
1 
-41 
-32 
-12 
5 
-11 
-9 
19 
6 
-4 
-21 
-10 
-11 
10 
14 
12 
27 
23 
-8 
-33 
-19 
-1 
2 
-2 
-14 
0 
-20 
-17 
-39 
-1 
25 
18 
-6 
-24 
-61 
-93 
-75 
-39 
-29 
-50 
-60 
-68 
-51 
-38 
-61 
-47 
-52 
-15 
-11 
-18 
-35 
-21 
-27 
-50 
-28 
-10 
0 
-3 
-35 
-62 
-52 
-23 
-32 
-39 
-40 
-29 
-25 
-49 
-40 
-13 
0 
1 
-16 
-24 
-18 
-20 
-19 
-29 
-6 
1 
-14 
-41 
-16 
-26 
-50 
-29 
-6 
29 
11 
-18 
-33 
-37 
-34 
-19 
6 
17 
3 
0 
-1 
-17 
-40 
-34 
-13 
7 
7 
-19 
-22 
-24 
-19 
-2 
-13 
-11 
7 
-4 
2 
-1 
-21 
-13 
-25 
-22 
-13 
-4 
-13 
-17 
-16 
-9 
-24 
3 
3 
0 
-13 
-28 
-11 
-16 
-12 
16 
-2 
-5 
-13 
-19 
-26 
-21 
-15 
-6 
-35 
-46 
5 
8 
-4 
-23 
-44 
-42 
-55 
-65 
3 
52 
24 
-2 
-40 
-61 
-34 
-30 
-7 
-5 
5 
-13 
-32 
-32 
-55 
-51 
-30 
-6 
-16 
-8 
-18 
-27 
1 
-17 
-33 
-49 
-19 
-17 
-38 
-18 
-32 
-56 
-67 
-49 
-36 
-8 
2 
-14 
-40 
-39 
-34 
-19 
-4 
-21 
-28 
-23 
-28 
-28 
-34 
-35 
-41 
-34 
-46 
-36 
8 
-1 
-3 
-37 
-40 
-39 
-46 
-12 
3 
0 
-4 
-22 
-42 
-56 
-36 
-10 
-22 
-43 
-8 
-19 
-44 
-30 
-37 
-14 
-21 
-20 
-15 
-36 
-16 
-22 
-21 
-16 
-9 
-3 
-34 
-38 
-39 
-19 
-3 
-11 
-17 
2 
2 
-28 
-30 
-24 
3 
23 
1 
-24 
-42 
-39 
12 
18 
-11 
4 
-7 
-11 
-31 
-38 
-27 
-17 
7 
-12 
-18 
-9 
-23 
-12 
-29 
-22 
-12 
2 
-11 
12 
11 
7 
4 
-17 
-39 
-7 
1 
-8 
-34 
-8 
16 
14 
-21 
-27 
-1 
-2 
-13 
-22 
-32 
20 
27 
-6 
-24 
-26 
17 
-13 
-64 
-39 
8 
24 
-5 
-24 
-28 
-3 
-12 
-4 
-16 
-23 
6 
24 
11 
-24 
-6 
-2 
-11 
-23 
-9 
3 
-13 
-15 
-15 
-13 
-4 
8 
12 
-22 
-24 
-25 
-7 
0 
28 
14 
-28 
-17 
15 
-3 
3 
-12 
-13 
6 
10 
-4 
-14 
-16 
11 
-3 
-20 
-27 
-4 
13 
7 
-2 
-16 
-6 
-14 
0 
-1 
-8 
-30 
-29 
-19 
-7 
7 
25 
11 
0 
-10 
-8 
-30 
1 
30 
57 
25 
-15 
-33 
-42 
-37 
-4 
16 
32 
0 
-3 
-11 
-22 
-21 
-6 
17 
31 
10 
-8 
-37 
-14 
29 
29 
16 
3 
-15 
-9 
-8 
-20 
13 
35 
26 
20 
-22 
-36 
-20 
22 
48 
21 
-21 
-22 
-11 
0 
3 
2 
20 
-5 
-22 
-37 
-18 
10 
10 
4 
4 
1 
-3 
-14 
-10 
-9 
20 
8 
22 
17 
-3 
-9 
-3 
7 
7 
1 
-7 
-17 
-5 
-18 
-10 
1 
7 
1 
-18 
-22 
-32 
-27 
29 
44 
8 
-27 
-21 
12 
2 
-11 
-16 
-7 
9 
9 
-2 
-13 
-13 
19 
-6 
6 
22 
-3 
8 
1 
-13 
-3 
15 
46 
16 
-26 
-20 
-1 
-4 
7 
30 
48 
28 
-13 
-18 
-8 
-7 
27 
43 
27 
2 
-15 
-21 
-9 
18 
51 
9 
-14 
-30 
-29 
-16 
6 
33 
38 
16 
8 
-12 
-21 
-22 
26 
50 
12 
18 
11 
-4 
-9 
-4 
28 
23 
10 
0 
-15 
-5 
32 
20 
14 
1 
-24 
-13 
11 
18 
16 
5 
20 
-12 
-40 
-25 
9 
4 
10 
4 
-7 
-15 
-14 
13 
14 
3 
-8 
-4 
26 
29 
3 
1 
-21 
-7 
-9 
-19 
-25 
1 
10 
9 
1 
0 
-6 
-18 
-23 
-19 
3 
24 
21 
29 
8 
-15 
-27 
-18 
-1 
9 
7 
5 
5 
-1 
7 
7 
5 
-4 
-26 
-13 
-10 
0 
24 
64 
43 
-4 
-27 
-11 
-10 
-11 
1 
7 
10 
9 
-4 
-12 
-19 
-20 
10 
12 
28 
-2 
-4 
18 
30 
9 
-4 
-15 
-6 
4 
0 
6 
11 
1 
24 
2 
-7 
-11 
22 
14 
29 
17 
-13 
-9 
10 
-14 
-12 
20 
17 
36 
13 
-10 
-13 
1 
3 
0 
24 
17 
-13 
-1 
-8 
25 
21 
17 
27 
-1 
-18 
7 
23 
17 
-5 
11 
1 
-6 
-20 
-6 
18 
28 
3 
-2 
3 
-1 
-3 
22 
33 
16 
-1 
-1 
-1 
13 
4 
-12 
-21 
-9 
-9 
-9 
-24 
-29 
-25 
-8 
10 
2 
-23 
-37 
-15 
5 
8 
-7 
-38 
-14 
8 
-1 
4 
-23 
-30 
-6 
-16 
-24 
-12 
-2 
-12 
-8 
-12 
-42 
-29 
-2 
-5 
-2 
-12 
-24 
-21 
-20 
-38 
-46 
-22 
13 
-5 
-18 
-38 
-21 
-9 
-20 
-30 
-13 
-9 
1 
-15 
-30 
-27 
-26 
-15 
-5 
-22 
-30 
-36 
-21 
5 
-18 
-30 
-38 
-30 
-18 
-27 
-25 
-21 
-9 
-3 
-21 
-6 
3 
-23 
-46 
-49 
-15 
-6 
-26 
-25 
-6 
-11 
-21 
-42 
-36 
-16 
-8 
-23 
-20 
6 
-7 
-9 
-18 
-18 
-23 
-8 
-29 
-26 
-21 
1 
5 
-24 
-16 
-7 
3 
-6 
-9 
-13 
-15 
6 
-1 
-4 
-6 
-16 
-11 
-18 
11 
-7 
-15 
6 
-3 
5 
-13 
-24 
-30 
-17 
12 
-7 
-23 
-4 
-20 
-8 
-4 
-23 
-21 
-17 
-6 
-24 
-12 
-8 
-8 
-18 
-4 
-11 
-25 
-8 
-8 
-4 
-19 
5 
28 
1 
0 
-19 
-32 
-13 
-28 
-4 
-2 
14 
20 
11 
-41 
-57 
-56 
-45 
-53 
-36 
-33 
-19 
-12 
-37 
-53 
-65 
-34 
-1 
-13 
-8 
-39 
-52 
-50 
-45 
-9 
-20 
-21 
-32 
-53 
-41 
-22 
-30 
-15 
6 
-3 
-31 
-37 
-44 
-31 
-12 
-16 
-30 
-8 
2 
-32 
-60 
-46 
-21 
15 
17 
-6 
-27 
-25 
-4 
-2 
8 
14 
0 
-8 
-34 
-35 
-23 
-6 
1 
-12 
-21 
-34 
-28 
-18 
-17 
-19 
-8 
11 
2 
-35 
-46 
-17 
-1 
22 
15 
-35 
-37 
-22 
-14 
-4 
3 
-6 
2 
-25 
-63 
-38 
9 
20 
15 
-2 
-19 
-42 
-27 
-2 
-13 
-17 
10 
6 
-9 
-13 
-22 
-33 
-15 
-6 
-7 
16 
-10 
-23 
14 
13 
-21 
-6 
-19 
-25 
-44 
-39 
-30 
-27 
-24 
-7 
-33 
-30 
-24 
-30 
-25 
-13 
10 
7 
-3 
-24 
-17 
-8 
-4 
-12 
-34 
-30 
-32 
-47 
-14 
-23 
6 
-3 
-40 
-37 
-30 
-38 
-40 
-17 
44 
40 
-10 
-44 
-52 
-31 
-11 
-13 
-7 
9 
-24 
-26 
-45 
-20 
-6 
-15 
-6 
-16 
-13 
-12 
-16 
-16 
-43 
-12 
2 
-7 
-7 
-10 
-42 
-33 
-20 
-23 
-28 
-23 
37 
39 
24 
1 
-23 
-33 
-13 
0 
10 
5 
12 
-14 
-14 
16 
-9 
0 
-3 
-4 
18 
4 
-10 
-41 
-27 
2 
13 
51 
13 
-42 
-40 
-24 
10 
-21 
11 
25 
41 
-10 
-45 
-29 
5 
14 
9 
15 
22 
-16 
11 
11 
-23 
-6 
14 
15 
14 
6 
-15 
1 
-8 
-9 
38 
20 
-15 
-30 
-12 
20 
9 
11 
5 
-16 
-21 
-26 
-1 
20 
-19 
-47 
-30 
-23 
0 
23 
22 
-13 
-20 
-11 
-25 
-20 
50 
13 
-10 
66 
26 
-33 
15 
-15 
22 
25 
-23 
-15 
17 
28 
-8 
-29 
12 
-4 
0 
-22 
-27 
-26 
11 
36 
46 
24 
-6 
-59 
-11 
-4 
-15 
3 
18 
4 
-6 
-43 
3 
-7 
-5 
9 
10 
-21 
-6 
-20 
29 
19 
22 
20 
-35 
-84 
-27 
-13 
18 
34 
43 
-15 
-35 
-39 
-23 
-17 
26 
49 
34 
39 
-8 
-51 
-61 
-18 
29 
26 
14 
-3 
-46 
-48 
-17 
27 
28 
9 
-13 
-26 
-32 
40 
55 
36 
37 
1 
-83 
-54 
-12 
20 
46 
60 
38 
-12 
-56 
-75 
-36 
69 
76 
50 
11 
-27 
-55 
-44 
7 
28 
46 
29 
2 
-16 
-25 
-32 
-10 
17 
34 
64 
19 
-40 
-40 
-17 
12 
43 
62 
38 
2 
-8 
-7 
-16 
-5 
-14 
18 
38 
23 
13 
-3 
-36 
-44 
-14 
19 
24 
9 
38 
34 
-23 
-26 
-19 
11 
11 
42 
36 
32 
3 
-34 
-27 
-10 
27 
19 
22 
31 
24 
-12 
-22 
-20 
-12 
-1 
33 
33 
17 
-21 
-27 
-29 
-16 
14 
-5 
2 
14 
-6 
-35 
-25 
-17 
2 
3 
43 
55 
12 
-37 
-52 
5 
2 
-2 
2 
4 
13 
-6 
-17 
-22 
-33 
-13 
-1 
3 
30 
17 
9 
-3 
-34 
-33 
-5 
-2 
-10 
15 
2 
-3 
0 
-42 
-19 
-9 
-16 
-4 
21 
13 
-25 
-43 
-37 
22 
30 
16 
-36 
-49 
-10 
-14 
-27 
-6 
12 
32 
-39 
-67 
-9 
40 
23 
-5 
-43 
-25 
-6 
5 
14 
-10 
28 
31 
-26 
-51 
-19 
15 
-14 
9 
-7 
-27 
-33 
-11 
-13 
-24 
22 
20 
-49 
-35 
-27 
-2 
27 
36 
32 
-19 
-46 
-60 
-21 
12 
12 
13 
-22 
-11 
14 
11 
-36 
-46 
-30 
13 
51 
2 
18 
8 
-35 
-51 
-43 
8 
10 
-17 
-27 
3 
18 
-20 
-58 
-29 
-3 
3 
2 
-19 
-12 
15 
-7 
-10 
18 
6 
-29 
-42 
-45 
-19 
18 
22 
-19 
-20 
-9 
0 
-2 
-34 
-52 
-30 
35 
22 
-26 
-34 
-24 
9 
14 
-5 
12 
-17 
-29 
-32 
-26 
19 
36 
21 
-29 
-80 
-57 
-11 
65 
86 
15 
10 
-14 
-57 
-39 
-23 
-1 
24 
3 
10 
-32 
-5 
6 
6 
-36 
-1 
43 
39 
1 
0 
-10 
-31 
-63 
9 
54 
72 
36 
8 
-8 
-55 
-48 
-6 
24 
43 
31 
20 
-36 
-52 
-17 
39 
30 
26 
25 
51 
1 
-11 
10 
19 
-7 
-13 
9 
8 
33 
48 
16 
11 
-1 
-36 
-26 
46 
64 
56 
45 
-5 
-33 
-28 
-9 
3 
42 
72 
57 
-1 
-58 
-36 
48 
47 
44 
31 
8 
24 
44 
-12 
0 
38 
39 
-2 
-3 
40 
41 
0 
-27 
-30 
-5 
47 
49 
15 
24 
11 
0 
-15 
20 
57 
41 
30 
25 
13 
-36 
-35 
7 
16 
37 
20 
-13 
8 
-26 
-13 
-8 
-4 
-15 
11 
-8 
-7 
1 
18 
13 
-16 
-46 
-30 
8 
-6 
-24 
-6 
14 
19 
-29 
-36 
-43 
-27 
30 
5 
21 
20 
-30 
-25 
-42 
-18 
-17 
-22 
11 
1 
-27 
-72 
-84 
-58 
10 
14 
-11 
-40 
-53 
-58 
-25 
5 
-9 
-9 
-14 
-34 
-3 
-27 
-53 
-30 
-43 
-29 
26 
42 
-5 
-43 
-76 
-53 
-43 
-19 
25 
29 
-16 
-67 
-50 
-10 
-28 
-43 
1 
-43 
-61 
-30 
-68 
-45 
-22 
-39 
-86 
-122 
-142 
-73 
-35 
-3 
-1 
-31 
-75 
-85 
-78 
-73 
-30 
-25 
-2 
-12 
-44 
-62 
-85 
-80 
-70 
-20 
32 
-18 
-39 
-45 
-39 
-51 
-13 
-20 
-28 
-15 
-32 
-25 
-2 
-27 
-32 
-26 
-38 
-21 
11 
4 
-16 
-24 
-15 
-15 
-3 
-9 
-36 
-27 
1 
-3 
-22 
-19 
-3 
-37 
-22 
15 
9 
3 
-8 
-18 
-45 
-50 
5 
40 
33 
-9 
-5 
7 
-33 
-50 
-71 
-12 
23 
43 
20 
-29 
-36 
-66 
-46 
-18 
-3 
21 
10 
3 
10 
-2 
-22 
-15 
9 
22 
16 
-22 
-20 
-18 
-4 
-24 
-15 
-16 
-27 
-15 
5 
4 
-24 
-4 
5 
2 
-52 
-17 
5 
18 
9 
-30 
-75 
-47 
12 
35 
-12 
-48 
-44 
-7 
-8 
-19 
-4 
1 
4 
5 
-17 
-6 
-20 
-22 
-20 
-15 
20 
23 
-41 
-61 
-18 
19 
-11 
-48 
-32 
-2 
-14 
10 
16 
26 
-27 
-42 
-51 
-7 
23 
24 
-6 
-9 
-18 
-16 
-4 
4 
2 
-15 
-18 
-21 
39 
58 
17 
-41 
-64 
-29 
33 
45 
-9 
17 
20 
3 
-25 
-18 
7 
-15 
-16 
-7 
22 
1 
-13 
-17 
-11 
-3 
-1 
1 
-17 
-25 
-3 
16 
21 
11 
9 
-16 
-35 
21 
52 
-3 
-6 
11 
1 
-12 
2 
0 
15 
16 
-13 
-7 
4 
-3 
19 
0 
-25 
-41 
1 
41 
25 
-22 
-19 
2 
19 
17 
37 
9 
21 
-2 
-8 
-30 
8 
17 
45 
15 
-12 
7 
-19 
-42 
-11 
7 
13 
29 
23 
-3 
-28 
-11 
-10 
-26 
10 
37 
17 
11 
-26 
9 
20 
-23 
-19 
-3 
9 
29 
23 
26 
8 
11 
-16 
-33 
-10 
36 
32 
9 
-3 
-42 
-15 
-14 
-11 
17 
28 
47 
16 
-15 
-33 
-48 
-19 
13 
61 
57 
17 
-28 
-19 
-48 
-47 
-30 
25 
74 
79 
-8 
-83 
-74 
-33 
-10 
53 
37 
41 
17 
-43 
-68 
-14 
22 
23 
15 
1 
-35 
-34 
-12 
2 
12 
44 
23 
-7 
-57 
-30 
-13 
41 
46 
27 
0 
-34 
-78 
-30 
7 
14 
-6 
-9 
3 
-1 
-11 
6 
-14 
-20 
-43 
-24 
8 
52 
64 
16 
6 
-25 
-56 
-38 
8 
47 
48 
25 
1 
-37 
-53 
-28 
-7 
22 
38 
40 
19 
1 
-20 
-18 
11 
-5 
-3 
7 
25 
2 
16 
-9 
15 
25 
25 
4 
-24 
-12 
22 
64 
52 
4 
-25 
-32 
-13 
13 
44 
69 
52 
14 
-4 
-32 
-51 
-4 
32 
37 
49 
17 
-10 
-23 
-8 
21 
58 
62 
21 
-5 
-34 
-53 
8 
52 
57 
46 
23 
-42 
-44 
-10 
45 
50 
46 
11 
-2 
-15 
-3 
24 
16 
15 
20 
15 
19 
-8 
5 
4 
1 
14 
20 
-1 
-1 
-10 
-10 
6 
24 
35 
44 
25 
-7 
-12 
-11 
7 
-15 
0 
43 
33 
-6 
-36 
-28 
-8 
16 
54 
36 
0 
-20 
-8 
-25 
24 
34 
30 
25 
9 
-3 
-32 
-25 
7 
17 
34 
20 
-19 
-15 
-23 
-38 
5 
37 
25 
-22 
-13 
-15 
-47 
-9 
40 
53 
23 
-42 
-53 
-31 
-6 
37 
28 
12 
2 
-16 
-30 
-18 
7 
54 
17 
8 
-2 
-1 
-17 
-28 
6 
6 
6 
-6 
-23 
3 
-5 
2 
-5 
21 
-13 
-26 
-25 
-12 
31 
51 
2 
-21 
-30 
32 
-6 
20 
26 
21 
-18 
-33 
-65 
-50 
5 
39 
29 
8 
-26 
-45 
-58 
-9 
35 
29 
12 
3 
-37 
-55 
-26 
-1 
-4 
11 
1 
-13 
-20 
0 
-4 
-8 
20 
5 
-27 
-12 
-11 
-41 
-1 
31 
31 
0 
-37 
-30 
-29 
-10 
23 
32 
0 
-17 
-29 
-56 
-49 
-1 
63 
48 
14 
-45 
-66 
-19 
-25 
6 
27 
56 
15 
-34 
-53 
-43 
2 
2 
6 
10 
7 
4 
-39 
-31 
16 
-4 
-4 
-6 
-12 
7 
2 
-5 
10 
-7 
0 
13 
26 
2 
-15 
-9 
1 
4 
-3 
24 
22 
-4 
-5 
-20 
-6 
-7 
-6 
3 
-13 
-21 
8 
-6 
0 
10 
-2 
-12 
-20 
-2 
-25 
9 
41 
43 
17 
12 
-12 
-10 
-18 
16 
24 
-12 
-21 
-30 
-15 
16 
21 
14 
-1 
-22 
-7 
13 
18 
23 
-19 
-40 
-8 
38 
27 
14 
-8 
2 
-18 
-10 
15 
47 
32 
18 
-9 
-54 
-30 
15 
17 
20 
5 
9 
7 
-5 
-3 
-9 
-7 
24 
14 
-13 
4 
5 
7 
-12 
11 
16 
18 
16 
22 
31 
2 
15 
4 
-39 
-2 
27 
55 
20 
-3 
-27 
-16 
7 
1 
-5 
-1 
9 
3 
10 
17 
7 
4 
14 
23 
40 
40 
16 
-5 
-18 
-19 
-4 
13 
25 
25 
29 
18 
-11 
-11 
-15 
3 
23 
38 
41 
12 
11 
-10 
-34 
-19 
-7 
26 
50 
45 
26 
-31 
-18 
-32 
7 
35 
33 
50 
31 
24 
-28 
-28 
15 
35 
41 
12 
25 
9 
3 
4 
-13 
10 
12 
26 
41 
-22 
-79 
-74 
-41 
-2 
-16 
-29 
-49 
-70 
-57 
-32 
-13 
-2 
-51 
-62 
-61 
-52 
-2 
15 
-2 
-47 
-46 
-25 
-50 
-32 
15 
-8 
11 
-10 
-35 
-79 
-62 
8 
6 
-14 
-43 
-32 
-22 
-26 
-29 
-34 
-18 
-28 
-13 
14 
-2 
-38 
-40 
-32 
-23 
3 
21 
2 
-40 
-58 
-73 
-43 
-11 
5 
-6 
-26 
-43 
-21 
-19 
-41 
-29 
-15 
-3 
-8 
-15 
-28 
-40 
-36 
-45 
-23 
-4 
-13 
-19 
-57 
-79 
-64 
-11 
-3 
-24 
-50 
-34 
-6 
-24 
-33 
-59 
-39 
-9 
-25 
-16 
-46 
-57 
-38 
-29 
-3 
-15 
-17 
-42 
-39 
-3 
-20 
-13 
0 
-11 
9 
-11 
-63 
-55 
-23 
-13 
-23 
-24 
-6 
-25 
-58 
-55 
-35 
7 
-11 
-27 
-27 
-22 
-15 
-28 
-18 
-27 
-6 
-9 
-25 
-8 
-8 
-27 
-56 
-29 
-18 
-13 
22 
4 
-6 
-47 
-67 
-30 
27 
31 
29 
-11 
-30 
-30 
-49 
-50 
9 
12 
6 
-29 
-43 
-44 
-17 
9 
-1 
-19 
4 
-12 
-11 
4 
3 
-1 
1 
12 
-5 
-23 
-16 
-22 
-13 
-33 
-16 
-11 
-12 
19 
-3 
-25 
-17 
-13 
-9 
3 
-20 
-11 
3 
-22 
-14 
-14 
-35 
-44 
14 
2 
-35 
-44 
-63 
-33 
-15 
-28 
-10 
-10 
-34 
-82 
-43 
17 
33 
-4 
-10 
-22 
-46 
-22 
44 
57 
44 
-11 
-43 
-51 
-58 
6 
15 
4 
19 
-28 
-34 
-46 
-28 
-7 
23 
-1 
-33 
-32 
-26 
-15 
-41 
-19 
3 
2 
-8 
-22 
7 
-5 
-13 
-25 
-25 
-5 
0 
21 
-42 
-46 
-2 
-1 
29 
33 
-3 
0 
-52 
-38 
-1 
45 
49 
3 
-62 
-67 
-50 
24 
38 
36 
10 
-10 
-21 
-13 
-38 
-18 
25 
5 
14 
11 
-20 
-29 
-16 
-20 
-3 
47 
23 
19 
-17 
-28 
-66 
-42 
11 
-4 
26 
74 
24 
-40 
-73 
-58 
22 
48 
53 
34 
-24 
-49 
-57 
-13 
27 
35 
45 
-6 
-26 
-61 
-30 
8 
53 
40 
7 
-16 
-50 
-21 
0 
-35 
9 
32 
39 
1 
-42 
-26 
7 
35 
38 
-2 
-23 
-46 
-3 
20 
64 
84 
55 
-4 
-44 
-25 
12 
26 
42 
34 
27 
-14 
-54 
-69 
-16 
61 
92 
82 
18 
-22 
-35 
-10 
31 
5 
8 
36 
50 
-4 
-37 
-27 
-5 
37 
34 
78 
41 
-11 
-7 
-19 
30 
59 