151 
156 
141 
134 
124 
124 
112 
128 
136 
123 
108 
107 
109 
110 
100 
104 
104 
100 
90 
90 
83 
85 
89 
85 
78 
79 
79 
79 
88 
81 
75 
72 
70 
84 
75 
70 
91 
101 
110 
135 
119 
111 
112 
113 
113 
121 
115 
109 
105 
106 
103 
108 
98 
97 
101 
107 
113 
123 
115 
115 
87 
86 
84 
96 
92 
94 
103 
112 
112 
109 
93 
94 
110 
116 
122 
100 
93 
86 
81 
88 
85 
98 
88 
76 
66 
60 
76 
82 
73 
72 
77 
73 
60 
68 
64 
79 
56 
71 
65 
59 
70 
72 
61 
61 
64 
64 
46 
50 
68 
71 
78 
67 
66 
63 
68 
61 
52 
58 
73 
67 
60 
67 
60 
69 
70 
60 
61 
66 
56 
57 
45 
46 
52 
57 
55 
50 
55 
58 
57 
60 
65 
59 
58 
52 
63 
61 
63 
52 
53 
65 
62 
71 
63 
53 
47 
46 
54 
47 
40 
52 
53 
64 
55 
45 
40 
41 
42 
51 
61 
70 
65 
53 
52 
47 
48 
53 
50 
50 
37 
37 
57 
76 
75 
56 
42 
47 
51 
56 
54 
50 
54 
44 
47 
50 
51 
41 
38 
46 
38 
36 
40 
47 
43 
35 
31 
44 
62 
51 
31 
35 
53 
52 
50 
55 
67 
71 
77 
75 
69 
66 
57 
53 
56 
71 
64 
55 
53 
48 
51 
52 
39 
55 
60 
64 
64 
56 
70 
60 
51 
46 
40 
38 
51 
52 
43 
53 
53 
49 
52 
50 
53 
55 
68 
66 
67 
56 
49 
50 
38 
42 
51 
55 
65 
55 
61 
71 
55 
47 
44 
43 
42 
39 
43 
51 
63 
59 
58 
62 
67 
62 
65 
48 
42 
53 
50 
39 
38 
55 
71 
74 
67 
71 
72 
65 
63 
55 
43 
50 
50 
47 
44 
50 
43 
50 
54 
59 
50 
48 
46 
49 
50 
55 
59 
53 
55 
45 
42 
45 
49 
55 
60 
48 
47 
52 
64 
63 
57 
50 
53 
52 
55 
55 
51 
53 
41 
32 
42 
42 
49 
51 
44 
36 
36 
37 
45 
47 
49 
48 
36 
42 
45 
36 
39 
33 
30 
41 
56 
53 
45 
52 
56 
48 
41 
28 
29 
23 
29 
21 
20 
22 
18 
23 
25 
27 
23 
26 
30 
27 
-21 
-23 
-25 
-29 
-28 
-15 
-14 
-13 
-14 
-13 
-9 
-14 
-13 
-9 
-12 
-3 
0 
11 
9 
17 
-9 
-14 
-10 
-16 
3 
4 
-5 
-15 
-13 
-6 
3 
8 
-2 
-3 
-5 
0 
1 
3 
1 
-3 
-2 
-8 
-13 
-12 
3 
7 
2 
9 
-4 
1 
1 
-5 
4 
33 
27 
20 
24 
10 
9 
9 
4 
5 
12 
7 
2 
-1 
-3 
-13 
-6 
-3 
7 
14 
6 
6 
4 
6 
8 
-1 
-2 
2 
-11 
-6 
1 
-4 
8 
9 
9 
8 
15 
29 
30 
22 
13 
8 
12 
15 
12 
3 
7 
6 
3 
6 
15 
15 
22 
13 
-1 
7 
14 
11 
0 
-9 
-1 
-3 
9 
11 
5 
12 
18 
16 
14 
21 
15 
12 
20 
15 
8 
1 
9 
5 
13 
19 
13 
1 
3 
6 
-5 
-15 
-14 
-18 
-1 
11 
4 
7 
8 
6 
7 
8 
3 
7 
5 
5 
8 
5 
-1 
-2 
-7 
-5 
-5 
10 
28 
37 
28 
34 
26 
21 
18 
12 
6 
-9 
-7 
-5 
-14 
-4 
-2 
4 
9 
5 
14 
17 
20 
16 
5 
1 
5 
0 
-9 
-8 
3 
-2 
-1 
8 
8 
15 
17 
29 
27 
30 
1 
-7 
-7 
-3 
-9 
-7 
-7 
-9 
-17 
-2 
1 
8 
12 
16 
3 
2 
1 
0 
-8 
-1 
5 
0 
3 
6 
12 
12 
4 
3 
10 
4 
7 
6 
12 
15 
23 
9 
4 
7 
7 
-3 
4 
10 
6 
8 
7 
8 
4 
6 
0 
-15 
-4 
-10 
-1 
-3 
1 
0 
0 
-2 
-5 
0 
2 
-2 
-7 
-13 
-6 
-1 
-3 
1 
17 
22 
17 
4 
6 
6 
5 
9 
3 
-1 
2 
-4 
-2 
-11 
-10 
-7 
-4 
3 
-1 
1 
16 
5 
4 
-4 
-3 
-1 
-9 
6 
8 
1 
1 
1 
9 
12 
6 
21 
14 
18 
10 
3 
6 
1 
-7 
-16 
-23 
-14 
0 
-6 
-2 
-5 
-4 
4 
2 
-3 
4 
6 
1 
-1 
6 
6 
-3 
-7 
-13 
-7 
2 
6 
15 
12 
10 
3 
17 
32 
40 
20 
16 
9 
-5 
-6 
-10 
-12 
-13 
-2 
0 
10 
7 
10 
20 
34 
28 
29 
11 
10 
23 
23 
29 
22 
10 
10 
5 
6 
25 
27 
30 
35 
31 
25 
40 
35 
35 
26 
31 
30 
21 
20 
36 
20 
12 
2 
11 
22 
24 
35 
35 
20 
17 
13 
17 
9 
4 
4 
11 
12 
14 
25 
19 
14 
-3 
4 
23 
22 
22 
23 
28 
25 
8 
0 
2 
3 
7 
14 
21 
22 
8 
6 
5 
-2  
-30 
-25 
-13 
-13 
9 
5 
14 
24 
16 
0 
-6 
-9 
-33 
-19 
-20 
-23 
-8 
-10 
-17 
-16 
-36 
-37 
-51 
-64 
-62 
-55 
-50 
-24 
9 
34 
30 
35 
34 
14 
-2 
-12 
-8 
2 
14 
-7 
-19 
-33 
-30 
-18 
-18 
-33 
-36 
-41 
-51 
-47 
-43 
-40 
-26 
-36 
-31 
-16 
-5 
11 
7 
6 
17 
8 
1 
-19 
-30 
-42 
-43 
-57 
-27 
-25 
-19 
-8 
-1 
18 
9 
14 
-16 
-12 
-16 
-31 
-40 
-43 
-40 
-55 
-69 
-54 
-40 
-26 
-1 
11 
19 
16 
-3 
-21 
-28 
-33 
-47 
-46 
-41 
-22 
-10 
-6 
12 
20 
14 
9 
-6 
-22 
-16 
-13 
-15 
-38 
-46 
-45 
-44 
-57 
-54 
-38 
-29 
-30 
-23 
-22 
-17 
-22 
-27 
-29 
-39 
-39 
-34 
-41 
-50 
-44 
-28 
-17 
-4 
6 
1 
5 
-2 
-11 
-9 
-1 
20 
15 
31 
38 
39 
22 
9 
0 
1 
-5 
-20 
-35 
-37 
-45 
-38 
-34 
-40 
-28 
-20 
-19 
-18 
-10 
-22 
-19 
-28 
-43 
-44 
-42 
-38 
-34 
-20 
-15 
-10 
3 
0 
6 
17 
14 
27 
9 
-3 
-6 
-14 
-5 
-7 
1 
9 
0 
4 
0 
-9 
-14 
-26 
-35 
-35 
-30 
-18 
-13 
-3 
4 
12 
9 
2 
4 
-3 
-13 
-18 
-16 
-3 
7 
9 
14 
17 
24 
13 
5 
-1 
-18 
-19 
-17 
-27 
-24 
-35 
-40 
-27 
-10 
4 
14 
15 
7 
7 
-25 
-44 
-52 
-40 
-33 
-27 
-9 
16 
37 
39 
28 
11 
9 
7 
8 
7 
7 
12 
19 
21 
0 
-8 
-8 
6 
14 
13 
7 
12 
-1 
-7 
-14 
-18 
-15 
-9 
-13 
-23 
-34 
-39 
-46 
-44 
-28 
-23 
-18 
-7 
-1 
9 
12 
5 
-5 
-14 
-10 
-6 
2 
18 
21 
17 
16 
9 
12 
16 
1 
6 
9 
10 
2 
-7 
-12 
-18 
-18 
-2 
19 
10 
2 
6 
-13 
-21 
-24 
-20 
-24 
-23 
-25 
-35 
-49 
-52 
-48 
-39 
-34 
-25 
1 
20 
36 
23 
14 
15 
31 
21 
17 
30 
25 
27 
17 
8 
-20 
-36 
-60 
-59 
-52 
-37 
-28 
-20 
-17 
-10 
0 
16 
16 
26 
6 
2 
-2 
-13 
-28 
-55 
-59 
-55 
-49 
-26 
-16 
-15 
6 
17 
36 
41 
45 
29 
4 
-5 
-17 
-31 
-43 
-43 
-43 
-21 
0 
14 
32 
53 
64 
59 
36 
23 
6 
-21 
-49 
-71 
-76 
-85 
-75 
-52 
-38 
-9 
18 
12 
6 
18 
25 
37 
35 
40 
36 
31 
30 
17 
-1 
-3 
-1 
-15 
-12 
-1 
0 
5 
-8 
-29 
-43 
-38 
-36 
-27 
-23 
-4 
13 
22 
25 
16 
24 
12 
21 
30 
33 
23 
9 
14 
20 
25 
18 
23 
26 
14 
7 
-3 
-5 
-4 
-2 
1 
-12 
1 
20 
15 
13 
28 
26 
37 
37 
30 
19 
37 
37 
38 
32 
22 
6 
13 
26 
34 
24 
-4 
-26 
-36 
-49 
-55 
-56 
-54 
-39 
-8 
7 
19 
54 
71 
82 
77 
52 
45 
56 
41 
23 
8 
-14 
-16 
-47 
-59 
-64 
-27 
11 
10 
26 
39 
36 
45 
52 
33 
32 
15 
13 
1 
-7 
3 
1 
13 
16 
16 
29 
42 
52 
56 
39 
37 
22 
-12 
-44 
-61 
-79 
-83 
-78 
-65 
-37 
-13 
25 
46 
57 
72 
56 
54 
37 
24 
18 
17 
9 
-2 
-11 
-1 
17 
4 
-11 
-10 
-21 
-18 
-20 
-26 
-22 
-27 
-12 
2 
9 
-11 
7 
10 
-5 
-6 
-10 
0 
4 
12 
31 
33 
27 
19 
22 
11 
10 
6 
3 
16 
8 
2 
4 
0 
-3 
0 
-6 
-5 
-18 
-17 
-24 
-26 
-14 
-31 
-20 
-20 
-19 
-13 
-16 
-20 
-23 
-15 
-7 
-3 
4 
7 
17 
2 
-1 
-9 
-16 
-10 
-11 
9 
12 
37 
25 
24 
29 
28 
13 
3 
-4 
-11 
-29 
-37 
-48 
-62 
-56 
-42 
-42 
-41 
-31 
-3 
15 
24 
31 
31 
21 
4 
-1 
10 
4 
-1 
2 
0 
6 
16 
10 
24 
29 
26 
9 
13 
-7 
-14 
-29 
-54 
-65 
-78 
-93 
-85 
-75 
-47 
-36 
-8 
7 
17 
8 
12 
19 
29 
26 
26 
21 
21 
31 
31 
29 
28 
21 
7 
-10 
-40 
-37 
-36 
-31 
-22 
-46 
-36 
-42 
-37 
-3 
1 
11 
22 
15 
27 
31 
24 
11 
-3 
-16 
-14 
-17 
-14 
-8 
-15 
-24 
-35 
-27 
-21 
-12 
-7 
-10 
-9 
-5 
-26 
-27 
-33 
-26 
-7 
-3 
6 
17 
32 
33 
39 
40 
32 
24 
14 
10 
-10 
-25 
-34 
-35 
-35 
-26 
-29 
-29 
-15 
-9 
-5 
-10 
-19 
-23 
-24 
-20 
-30 
-26 
-24 
-2 
0 
3 
17 
35 
45 
41 
22 
18 
19 
16 
8 
22 
18 
5 
-7 
-21 
-21 
-10 
-20 
-19 
-4 
22 
31 
27 
21 
23 
25 
14 
7 
-9 
-21 
-28 
-26 
-28 
-22 
-10 
-21 
-18 
-19 
10 
36 
36 
48 
70 
67 
69 
52 
28 
9 
8 
-1 
-2 
9 
8  
4 
0 
-7 
6 
2 
-3 
-6 
-11 
-14 
-29 
-25 
-20 
-19 
-12 
-7 
-7 
-3 
6 
9 
-13 
-6 
2 
2 
-9 
-4 
-6 
-9 
-11 
3 
0 
-3 
11 
13 
4 
-3 
4 
2 
1 
-4 
-14 
-17 
-18 
-10 
2 
-15 
-3 
5 
-2 
2 
-11 
-19 
13 
-6 
-7 
-12 
-5 
15 
27 
27 
14 
1 
-19 
-9 
-16 
-15 
-16 
-7 
-11 
-17 
-19 
-1 
17 
12 
11 
4 
-5 
-2 
-14 
-14 
-6 
-32 
-24 
-11 
-9 
6 
-5 
4 
5 
12 
-1 
-2 
1 
-15 
-22 
-21 
-5 
-2 
-22 
-17 
-10 
12 
25 
28 
40 
27 
14 
1 
-6 
-17 
-18 
-9 
-8 
-2 
-2 
9 
1 
7 
13 
12 
0 
-8 
-13 
-6 
-13 
-16 
-19 
-25 
-26 
-13 
-2 
-2 
-9 
-15 
-11 
-32 
-35 
-40 
-14 
15 
25 
6 
4 
32 
36 
19 
10 
-10 
-14 
-13 
-11 
-16 
-14 
-5 
3 
2 
11 
7 
3 
14 
9 
10 
0 
9 
16 
0 
-12 
-21 
-16 
-18 
-2 
-5 
-10 
-1 
16 
25 
25 
10 
-11 
-7 
-3 
-15 
-24 
-26 
-14 
12 
13 
17 
5 
-6 
-25 
-27 
-23 
-29 
-20 
-15 
-1 
4 
11 
5 
-5 
3 
7 
-9 
6 
9 
0 
-7 
-11 
-1 
9 
17 
12 
1 
-10 
1 
15 
16 
8 
7 
3 
3 
7 
5 
16 
22 
10 
-6 
-20 
-22 
-14 
-11 
-8 
0 
5 
7 
10 
6 
0 
-1 
-4 
-9 
-5 
-15 
-21 
-4 
-3 
-7 
-25 
-27 
-22 
3 
7 
8 
0 
13 
18 
8 
0 
-4 
-33 
-36 
-20 
-13 
-9 
-19 
-12 
1 
4 
10 
8 
17 
20 
3 
0 
7 
3 
-10 
-21 
-22 
-17 
-6 
15 
27 
11 
31 
38 
38 
19 
5 
-4 
-18 
-39 
-40 
-25 
-20 
-15 
-20 
-11 
1 
16 
22 
18 
5 
-8 
-4 
-11 
-20 
-20 
-21 
-19 
-18 
-5 
-2 
15 
19 
18 
28 
36 
22 
8 
11 
-12 
-21 
-25 
-30 
-20 
-13 
-3 
-1 
5 
3 
-11 
1 
-7 
-6 
-8 
-8 
1 
16 
12 
6 
-4 
-7 
-11 
-2 
-2 
0 
3 
-3 
-7 
-8 
10 
12 
5 
1 
8 
8 
18 
19 
15 
0 
-13 
-14 
-15 
-21 
-4 
1 
0 
18 
32 
37 
35 
29 
9 
2 
-9 
-18 
-16 
-24 
-16 
-16 
-10 
3 
12 
15 
22 
16 
21 
22 
33 
15 
11 
5 
-4 
-22 
-13 
3 
4 
3 
-4 
-9 
-2 
-1 
3 
9 
-4 
-3 
-9 
-4 
-15 
-12 
-13 
-4 
-9 
9 
25 
22 
29 
29 
37 
18 
-5 
7 
18 
35 
37 
24 
7 
6 
13 
5 
8 
2 
-1 
-6 
-1 
-4 
0 
-11 
-10 
-4 
1 
0 
15 
19 
18 
21 
15 
9 
10 
-1 
-6 
-8 
-5 
-2 
7 
19 
8 
24 
21 
30 
19 
11 
13 
3 
14 
-6 
-17 
-21 
-8 
-5 
-11 
-5 
18 
36 
39 
26 
17 
7 
-6 
-12 
-23 
-17 
-19 
-9 
-7 
10 
13 
6 
1 
-10 
-14 
-11 
-2 
11 
3 
6 
-23 
-16 
-19 
-11 
-1 
-16 
-20 
-10 
-2 
3 
3 
24 
19 
-1 
-15 
-15 
-29 
-30 
-26 
-35 
-34 
-25 
-25 
-20 
-17 
-9 
-11 
-11 
11 
2 
2 
-5 
10 
12 
-10 
-9 
-17 
-24 
-20 
-31 
-27 
-9 
-3 
-1 
-10 
-17 
-5 
-8 
-6 
-5 
-6 
-27 
-28 
-10 
4 
4 
-5 
-9 
-10 
-16 
-16 
-13 
-3 
-3 
-3 
-5 
-19 
-19 
1 
-9 
-11 
-32 
-23 
-17 
-16 
-21 
-23 
-23 
-14 
-10 
-7 
-5 
-17 
-19 
-24 
-24 
-15 
-23 
-33 
-38 
-23 
-13 
-7 
5 
9 
-6 
-22 
-35 
-5 
-11 
-14 
4 
-25 
-9 
22 
6 
-3 
-4 
-23 
-10 
-6 
-12 
-14 
-20 
-11 
-13 
-30 
-31 
-20 
-22 
-25 
-23 
-5 
2 
3 
0 
-3 
-11 
-15 
-19 
-20 
-9 
-16 
-25 
-21 
-6 
-7 
7 
-2 
0 
14 
13 
0 
-7 
-17 
-20 
-10 
-9 
-3 
-9 
-15 
-20 
-21 
-27 
-23 
-19 
-6 
-13 
-18 
-18 
-14 
-11 
-8 
-14 
-21 
-31 
-23 
-19 
-10 
-2 
-10 
-20 
3 
-9 
0 
0 
-1 
-1 
-19 
-14 
-22 
-20 
-21 
-15 
-14 
-20 
-17 
-20 
-4 
-17 
-16 
-19 
-6 
-7 
-15 
-10 
-8 
6 
-10 
-19 
-6 
-6 
-3 
-19 
-17 
-14 
-19 
-3 
-7 
-23 
-17 
13 
17 
20 
3 
1 
4 
6 
9 
1 
-7 
-8 
-5 
-14 
-27 
-22 
-27 
-8 
-14 
-8 
-1 
-5 
-3 
-5 
-15 
-25 
-16 
-20 
-27 
-42 
-32 
-31 
-11 
-4 
9 
7 
10 
28 
29 
-4 
-4 
-7 
1 
-12 
3 
-1 
-10 
-7 
-5 
-20 
-36 
-29 
-17 
-5 
-4 
1 
9 
-1 
-7 
-8 
-26 
-33 
-58 
-62 
-54 
-48 
-33 
-14 
-4 
9 
8 
-7 
8 
22 
38 
13 
-4 
-13 
-27 
-35 
-27 
-26 
-19 
-3 
-11 
3 
4 
1 
1 
8 
10 
4 
-1  
-2 
-13 
-5 
-11 
-1 
-11 
-12 
-10 
-18 
-15 
-10 
-19 
-11 
-7 
-12 
-12 
-11 
1 
10 
7 
-5 
-7 
-8 
-4 
1 
1 
-5 
-12 
3 
13 
21 
19 
24 
11 
5 
-8 
-9 
-9 
-4 
-16 
-30 
-18 
-15 
-7 
-10 
-4 
-1 
2 
17 
7 
-7 
-22 
-13 
-10 
-20 
-25 
-17 
-1 
-8 
-20 
-15 
-8 
-20 
-20 
-13 
7 
6 
14 
-4 
-8 
-12 
-1 
-1 
-8 
-4 
2 
19 
20 
12 
15 
-4 
-6 
-15 
-16 
-20 
-17 
-15 
-8 
-9 
0 
9 
-5 
-22 
-15 
-8 
-7 
-4 
-4 
-4 
7 
7 
23 
13 
12 
2 
-10 
-19 
-23 
-8 
-3 
-4 
-4 
-10 
-14 
-8 
-16 
-19 
-12 
-13 
-16 
-4 
-4 
0 
-15 
-11 
-5 
-4 
-6 
-9 
-16 
-20 
-15 
-15 
-10 
-15 
-14 
-6 
9 
6 
4 
-12 
-9 
-4 
2 
-6 
-13 
-14 
-14 
-13 
-13 
-9 
-2 
-10 
-3 
-4 
-3 
-14 
-8 
1 
-6 
-6 
-15 
-15 
-17 
-14 
-22 
-9 
-19 
-16 
-22 
-10 
-3 
12 
14 
24 
6 
-9 
-13 
-15 
-6 
-16 
-9 
-14 
-22 
-19 
-15 
-9 
-24 
-23 
-11 
-4 
-5 
-7 
-8 
-17 
-20 
-28 
-32 
-32 
-23 
-9 
-13 
-23 
-14 
-13 
-7 
-12 
-15 
-7 
11 
10 
2 
-12 
-31 
-25 
-11 
-26 
-28 
-21 
-24 
-7 
-3 
-1 
8 
3 
2 
-2 
-5 
-16 
-8 
-13 
-3 
-1 
-8 
-1 
-6 
-5 
0 
-6 
-13 
-4 
-4 
-6 
4 
9 
3 
8 
-1 
-4 
-2 
-8 
1 
-1 
-4 
7 
8 
3 
-22 
-11 
-12 
-19 
-23 
-5 
-3 
-4 
-1 
-9 
-6 
-1 
2 
9 
2 
1 
-19 
-16 
-6 
-5 
-7 
-10 
-3 
11 
16 
12 
-7 
-8 
1 
1 
-5 
1 
0 
-11 
-15 
-12 
-11 
0 
13 
10 
2 
-4 
-7 
3 
1 
-8 
-9 
5 
-8 
-10 
0 
-3 
5 
-1 
-7 
-20 
-27 
-17 
10 
19 
15 
2 
-10 
-5 
0 
-12 
-14 
-8 
-13 
-28 
-22 
-23 
-14 
-9 
-14 
-16 
-17 
-8 
-7 
-2 
6 
-1 
-3 
1 
2 
2 
-2 
-4 
-14 
0 
-3 
-1 
3 
2 
22 
27 
22 
17 
10 
-7 
1 
-5 
0 
3 
7 
4 
5 
2 
-1 
-6 
-6 
4 
-1 
-11 
-10 
-6 
-11 
-21 
-19 
-10 
-12 
-10 
2 
-2 
-16 
-14 
-20 
-25 
-25 
-24 
-13 
-20 
-14 
-13 
-11 
-7 
-15 
-18 
-14 
-11 
-20 
-25 
-19 
-18 
-7 
-24 
-22 
-11 
-17 
-9 
-8 
-5 
-7 
-8 
-5 
-5 
-9 
-16 
-12 
-17 
-12 
-17 
-12 
-14 
-16 
-3 
16 
25 
12 
-6 
-10 
-19 
-16 
-14 
-19 
-12 
-10 
-13 
-1 
-5 
-17 
-15 
-5 
-5 
-15 
-20 
-9 
-5 
-15 
-10 
-5 
-2 
-3 
-8 
-15 
-26 
-15 
-9 
-11 
-14 
-8 
11 
11 
10 
-6 
-3 
-13 
-4 
0 
-10 
-12 
-1 
-1 
-13 
-18 
-16 
0 
-11 
-5 
-1 
-6 
-3 
-7 
-16 
-8 
-6 
-4 
-4 
-7 
2 
-5 
-7 
-17 
-20 
-24 
-13 
0 
18 
19 
20 
6 
4 
-4 
0 
1 
-6 
-14 
-5 
-7 
7 
6 
4 
2 
-12 
-8 
2 
-3 
1 
0 
6 
-3 
0 
-6 
-6 
-12 
-9 
-1 
10 
8 
7 
5 
-9 
8 
30 
26 
19 
5 
0 
-6 
2 
3 
-1 
-4 
-4 
-4 
-9 
-13 
-7 
-1 
-11 
-16 
-8 
-8 
-6 
4 
7 
7 
4 
0 
-7 
3 
11 
5 
-1 
2 
5 
6 
14 
5 
8 
24 
9 
12 
1 
1 
2 
6 
-3 
3 
2 
-3 
-9 
-7 
-8 
-7 
1 
12 
7 
9 
-1 
-4 
1 
-9 
-10 
-15 
-10 
1 
0 
0 
-11 
-7 
-6 
-7 
-8 
3 
16 
17 
4 
-5 
4 
-3 
-2 
3 
-2 
-6 
-9 
-9 
-10 
-12 
1 
-4 
-7 
-9 
-4 
-3 
-7 
-7 
-4 
0 
1 
-3 
-9 
-7 
2 
0 
-9 
-5 
-3 
-7 
-6 
7 
12 
22 
16 
6 
-2 
-7 
-9 
-7 
-15 
-16 
-15 
-7 
-6 
-13 
-1 
-8 
-9 
-4 
-8 
-19 
-15 
-14 
-10 
-2 
1 
-4 
-8 
-5 
-2 
-8 
-13 
-11 
-17 
-16 
-11 
7 
13 
12 
-7 
-13 
-10 
-20 
-21 
-27 
-17 
-12 
-11 
-14 
-20 
-19 
-12 
-16 
-24 
-19 
-19 
-11 
-1 
-4 
-11 
-21 
-24 
-24 
-21 
-16 
-9 
-8 
-19 
-21 
-11 
-13 
-17 
3 
6 
-7 
-12 
-20 
-21 
-24 
-15 
-13 
-22 
-16 
-9 
-1 
-10 
-17 
-20 
-10 
-4 
-15 
-12 
-19 
-19 
-17 
-17 
-17 
-14 
-18 
-18 
-17 
-22 
-14 
-15 
-8 
-12 
-18 
-14 
10 
17 
-7 
-12 
-19 
-11 
-16 
-22 
-16 
-9 
-8 
-27 
-15 
-14 
-9 
7 
0 
-18 
-9 
-2 
-9 
-17 
-8 
4 
5 
2 
1 
4 
6 
10 
-3 
6 
9 
17 
15 
14 
12 
12 
6 
3 
3 
13 
-4 
4 
9 
6 
18 
11 
9 
2 
7 
4 
1 
3 
11  
2 
-16 
-15 
-12 
-17 
-27 
-29 
-22 
-9 
-15 
-27 
-32 
-28 
-18 
-20 
-27 
-2 
-4 
-19 
-24 
-18 
6 
12 
16 
-7 
-5 
2 
-16 
-13 
-10 
-3 
-7 
-14 
-24 
-15 
9 
5 
0 
-6 
-13 
-21 
-14 
-15 
-12 
-20 
-19 
-17 
-23 
-22 
6 
5 
17 
11 
3 
2 
1 
-2 
24 
23 
24 
8 
15 
17 
7 
10 
2 
-4 
-2 
5 
-3 
-5 
-3 
12 
-2 
-3 
-7 
7 
11 
9 
-2 
-4 
1 
-2 
13 
-1 
-9 
2 
-7 
-5 
3 
2 
-4 
1 
26 
26 
23 
13 
-6 
-14 
-6 
2 
12 
6 
8 
12 
6 
9 
3 
4 
5 
-2 
-13 
-5 
2 
16 
7 
-18 
-17 
-19 
-6 
-10 
-8 
-1 
2 
1 
-1 
-1 
1 
10 
4 
0 
2 
0 
6 
4 
5 
5 
-13 
-8 
-2 
-3 
-5 
-6 
13 
-9 
7 
4 
-5 
-4 
-1 
-4 
1 
-8 
-14 
-18 
-17 
-11 
-7 
-6 
3 
-3 
4 
-10 
-8 
6 
13 
24 
5 
-7 
-10 
-22 
-16 
-15 
-23 
-11 
-2 
-9 
-4 
-13 
-19 
-9 
-12 
-12 
-12 
-14 
-6 
16 
4 
1 
2 
0 
-8 
-3 
0 
-6 
-16 
-15 
-9 
-1 
-10 
22 
41 
15 
-5 
-16 
-17 
-18 
-13 
2 
7 
7 
-11 
-11 
-7 
8 
2 
-18 
-13 
-18 
-7 
8 
-5 
-14 
-22 
-26 
-23 
-26 
-18 
-16 
-9 
-15 
-7 
4 
6 
-4 
0 
16 
1 
-12 
-16 
-21 
-20 
-18 
-14 
-10 
-3 
6 
6 
0 
-4 
-12 
-11 
-14 
-17 
-18 
-13 
-10 
-8 
0 
2 
4 
-8 
-7 
1 
-16 
-17 
-19 
-15 
1 
-10 
4 
22 
20 
2 
-8 
-4 
-6 
-3 
-2 
-7 
-19 
-7 
-9 
-8 
-14 
-1 
-7 
-3 
13 
-2 
-21 
-14 
-4 
-9 
-1 
-14 
-1 
2 
5 
12 
0 
-12 
-6 
-7 
-2 
-2 
-5 
18 
17 
14 
8 
0 
-9 
7 
2 
-1 
-12 
-15 
-5 
2 
3 
16 
-6 
-9 
-10 
-1 
-12 
-14 
-8 
-11 
-15 
-6 
5 
18 
9 
9 
4 
1 
6 
2 
-3 
-2 
15 
41 
32 
20 
14 
-4 
-3 
0 
-14 
7 
22 
22 
17 
15 
18 
11 
4 
-8 
-2 
-5 
-5 
2 
16 
18 
22 
28 
24 
33 
11 
-5 
2 
-2 
-5 
-4 
-3 
8 
30 
41 
36 
12 
7 
13 
16 
8 
17 
16 
10 
-4 
2 
-2 
-1 
2 
6 
3 
-2 
8 
-4 
1 
4 
17 
10 
7 
-5 
3 
12 
20 
8 
15 
26 
15 
13 
13 
32 
51 
21 
10 
-7 
-6 
5 
7 
5 
17 
20 
16 
-8 
15 
1 
12 
9 
-17 
-7 
14 
-2 
-1 
7 
5 
12 
10 
3 
-3 
-7 
2 
-16 
-24 
-26 
0 
-1 
17 
22 
28 
14 
9 
-5 
-4 
-10 
-19 
-5 
-14 
5 
-5 
-12 
-1 
2 
-3 
5 
7 
16 
1 
-4 
-5 
-8 
-8 
-14 
-14 
-15 
-24 
-29 
-1 
-3 
7 
11 
5 
3 
15 
1 
-12 
-18 
-16 
-22 
-13 
-8 
-8 
0 
-11 
-5 
-10 
-15 
-17 
-25 
-32 
-25 
-15 
-22 
-15 
-3 
-3 
-27 
-13 
-17 
-4 
-8 
-20 
-22 
-28 
-34 
-26 
-18 
-19 
2 
18 
27 
0 
-6 
-9 
-10 
-26 
-30 
-28 
-29 
-27 
-27 
-14 
7 
2 
-3 
-5 
-6 
3 
-3 
-21 
-23 
-18 
-25 
-25 
-20 
-15 
-8 
-19 
-21 
-18 
-20 
-20 
-28 
-26 
9 
24 
2 
-4 
-18 
-8 
-20 
-26 
-16 
-11 
-9 
-14 
-8 
-7 
-8 
-14 
-23 
-13 
-9 
-16 
-18 
-23 
-12 
-3 
-7 
-12 
-30 
-21 
-12 
-5 
-10 
-20 
-3 
-1 
4 
15 
31 
28 
10 
-2 
-27 
-28 
-21 
-14 
-9 
-10 
-8 
2 
0 
7 
12 
-8 
-19 
-32 
-32 
-16 
-12 
-2 
5 
0 
4 
-3 
8 
15 
3 
-1 
2 
3 
-7 
-5 
4 
8 
23 
12 
2 
13 
7 
-2 
-5 
-6 
-17 
-8 
-13 
-2 
3 
9 
19 
7 
-6 
-11 
-9 
-8 
13 
3 
6 
6 
0 
-15 
-25 
-9 
-9 
-12 
-13 
-6 
-6 
-12 
10 
23 
21 
16 
5 
4 
5 
-2 
-1 
3 
4 
6 
14 
8 
8 
11 
5 
4 
7 
-8 
-16 
-16 
-10 
5 
10 
4 
11 
-7 
-7 
-13 
-29 
-31 
-24 
1 
8 
14 
16 
27 
17 
3 
-11 
0 
3 
14 
-2 
-15 
-25 
-17 
-21 
-24 
-27 
-21 
-2 
-1 
17 
10 
6 
4 
-8 
-7 
-5 
-1 
-13 
-4 
3 
0 
0 
-3 
-3 
13 
6 
16 
15 
34 
5 
15 
2 
1 
-11 
-16 
-20 
-18 
-15 
-9 
-16 
4 
25 
35 
24 
15 
5 
-10 
-6 
-12 
-6 
-2 
-4 
-9 
-10 
-3 
-11 
-2 
0 
2 
-7 
-8 
-1 
12 
13 
22 
2 
-1 
9 
-3 
-1 
-4 
-4 
-11 
2 
-11 
3 
-2 
-5 
8 
-2 
-3 
-10 
-7 
-5 
-2 
-4 
7 
-2 
6 
2 
3 
-4 
-1  
-23 
-25 
-24 
-15 
-18 
-15 
-9 
-14 
-23 
-22 
-6 
-10 
8 
-2 
-17 
-30 
-20 
-26 
-21 
-18 
-16 
-9 
-19 
-15 
-17 
-21 
-20 
-8 
-21 
-22 
-26 
-37 
-30 
-28 
-27 
-25 
-24 
-25 
-14 
-25 
-29 
-30 
-25 
-19 
-22 
-12 
-6 
-2 
0 
-7 
-9 
-8 
-15 
-24 
-34 
-25 
-19 
-10 
-22 
-36 
-30 
-18 
-19 
-20 
-8 
-8 
-6 
-18 
-18 
-27 
-14 
-19 
-20 
-13 
-8 
-18 
-16 
-24 
-21 
-26 
-7 
-4 
-9 
-3 
-14 
-9 
-16 
-22 
-18 
-21 
-30 
-25 
-12 
-18 
-6 
-13 
-23 
-20 
-14 
-8 
-4 
-13 
-17 
-16 
-25 
-28 
-22 
-8 
-9 
-15 
-15 
-11 
-8 
-6 
-5 
-5 
3 
9 
10 
-1 
-13 
-6 
-10 
-15 
-1 
-1 
0 
-8 
-14 
-26 
-20 
-23 
-15 
-9 
-10 
2 
-9 
-14 
-13 
-6 
-9 
3 
4 
1 
-3 
-6 
0 
-6 
-2 
7 
-5 
-4 
1 
15 
7 
12 
11 
9 
-1 
3 
6 
11 
7 
-4 
-8 
4 
-15 
-12 
-4 
-10 
-11 
-10 
-10 
-13 
2 
0 
0 
-7 
-5 
-3 
-1 
-6 
-1 
-4 
-4 
-4 
0 
-18 
-6 
2 
7 
-5 
-3 
0 
3 
-11 
-14 
-17 
-12 
-11 
2 
-5 
-2 
-12 
-17 
-4 
3 
8 
4 
4 
-7 
-12 
-13 
-11 
-3 
5 
-5 
-11 
1 
8 
5 
-9 
-18 
-11 
7 
8 
6 
0 
-7 
-2 
-13 
-4 
-3 
-6 
-4 
-7 
4 
6 
6 
-1 
-2 
-14 
-10 
-13 
2 
-13 
-6 
1 
10 
2 
5 
2 
-7 
-2 
-8 
-3 
-7 
-7 
-2 
2 
29 
36 
38 
23 
11 
-2 
-13 
-4 
-12 
-17 
-2 
8 
4 
9 
17 
13 
14 
12 
-3 
-6 
-3 
2 
7 
4 
4 
1 
-5 
13 
0 
4 
0 
9 
18 
16 
14 
13 
15 
25 
34 
26 
16 
8 
19 
10 
22 
36 
23 
14 
10 
-3 
1 
7 
14 
4 
9 
25 
29 
18 
20 
10 
15 
5 
19 
22 
27 
32 
26 
13 
6 
9 
9 
13 
29 
28 
35 
29 
33 
23 
15 
7 
4 
-6 
5 
13 
13 
25 
19 
29 
12 
12 
19 
20 
-4 
9 
10 
-2 
4 
12 
22 
15 
12 
-3 
11 
13 
10 
6 
12 
17 
22 
30 
10 
-3 
1 
9 
7 
6 
14 
3 
14 
9 
7 
12 
-1 
-8 
-4 
-8 
-9 
3 
-4 
7 
5 
-9 
-1 
5 
-1 
-9 
-4 
14 
12 
3 
7 
0 
-14 
3 
10 
20 
16 
10 
2 
0 
-7 
-11 
-3 
0 
-1 
-5 
-4 
-9 
8 
3 
-7 
-9 
-5 
-5 
-3 
5 
19 
13 
7 
5 
5 
0 
6 
-10 
-4 
-11 
-19 
-22 
-20 
14 
24 
23 
16 
9 
9 
6 
-19 
-1 
-8 
-6 
-1 
-9 
-16 
-11 
-3 
-11 
-12 
-12 
-12 
-5 
-2 
-2 
-16 
-1 
-9 
-13 
-10 
-20 
-25 
-28 
-20 
-6 
1 
4 
-13 
4 
0 
11 
11 
12 
-12 
-5 
2 
1 
2 
-6 
-8 
2 
0 
-4 
6 
2 
-6 
13 
4 
17 
12 
9 
3 
5 
1 
0 
-5 
-5 
7 
6 
9 
3 
13 
16 
7 
11 
18 
16 
0 
3 
0 
4 
2 
-4 
-5 
4 
-6 
-18 
-5 
6 
4 
-10 
-21 
-4 
6 
16 
-13 
-13 
-4 
-14 
-8 
-12 
-12 
-8 
-14 
-13 
-13 
-17 
-9 
-11 
-5 
13 
13 
11 
-9 
-17 
-6 
-9 
-14 
-14 
-9 
-10 
-20 
-6 
0 
-2 
1 
10 
14 
-6 
-11 
-2 
-10 
-7 
-19 
-10 
-5 
-5 
-10 
-22 
3 
-8 
-15 
-8 
-5 
-12 
8 
2 
5 
-9 
-18 
-25 
-25 
-26 
-38 
-26 
-20 
-17 
-6 
-6 
-7 
-11 
-21 
-16 
-19 
-16 
-9 
-22 
-19 
-20 
-25 
-7 
-5 
-10 
-9 
-11 
-7 
-5 
-15 
-12 
-14 
-8 
3 
7 
-7 
-16 
-18 
-22 
-16 
-21 
-12 
-19 
-20 
-21 
-16 
-12 
-1 
-4 
-20 
-29 
-17 
-27 
-24 
-28 
-27 
-25 
-26 
-36 
-20 
-21 
-19 
-17 
-24 
-28 
-33 
-24 
-15 
-3 
-3 
-6 
-12 
-30 
-21 
-12 
-15 
-16 
-11 
-14 
-7 
-3 
1 
-5 
3 
-4 
-12 
-12 
-4 
-3 
-8 
-12 
1 
-4 
-19 
-15 
-16 
-8 
-6 
7 
-10 
3 
2 
1 
12 
23 
27 
3 
-13 
-11 
-14 
-19 
-16 
-8 
-10 
-4 
1 
-4 
6 
-6 
-6 
-8 
-10 
-18 
-3 
-1 
-5 
-14 
-5 
4 
0 
3 
6 
8 
4 
8 
-1 
-9 
-6 
-14 
12 
11 
18 
15 
1 
-13 
-3 
2 
7 
-10 
-15 
-6 
-9 
-4 
-12 
-13 
1 
7 
5 
4 
7 
15 
9 
4 
-4 
-1 
1 
12 
2 
10 
14 
15 
12 
4 
17 
39 
31 
26 
22 
17 
10 
7 
-3 
-4 
-2 
0 
1 
2 
-4 
11 
12 
19 
14 
8 
7 
6 
5 
5 
0 
6 
0 
-7 
8 
22 
21 
6 
-3 
3 
8 
4 
-9 
6 
2 
8 
-12 
-6  
-8 
-16 
-20 
-31 
-26 
-18 
-13 
-18 
-28 
-33 
-18 
-18 
-20 
-16 
-9 
-9 
-12 
-18 
-20 
-17 
2 
10 
9 
-3 
-10 
-5 
-9 
-13 
-1 
-6 
0 
-3 
-5 
7 
13 
2 
-7 
-13 
-26 
-18 
-20 
-6 
-2 
-2 
-16 
-23 
-26 
-11 
-4 
-14 
-8 
-9 
1 
6 
6 
1 
8 
22 
2 
-8 
-7 
-2 
7 
8 
6 
2 
5 
-11 
-16 
-12 
-11 
1 
-7 
3 
-7 
10 
14 
-2 
0 
0 
-3 
7 
-4 
-4 
-5 
6 
1 
-1 
1 
-4 
10 
16 
36 
32 
24 
6 
4 
1 
-6 
-5 
3 
3 
3 
-2 
7 
15 
4 
14 
9 
4 
-3 
-7 
-17 
-20 
-7 
-5 
-4 
-2 
0 
5 
5 
5 
17 
21 
13 
9 
-19 
-7 
-7 
19 
-7 
17 
1 
10 
20 
9 
17 
4 
8 
-10 
-6 
-16 
3 
5 
-13 
10 
16 
-3 
-2 
8 
2 
-3 
-9 
2 
7 
6 
-4 
5 
-1 
-12 
-12 
-1 
-17 
3 
10 
11 
1 
-12 
-11 
-10 
-15 
-4 
0 
-10 
-5 
6 
-1 
14 
1 
-3 
2 
7 
-7 
-3 
3 
9 
2 
7 
18 
26 
11 
8 
4 
7 
5 
11 
0 
9 
1 
24 
32 
27 
12 
7 
8 
4 
14 
21 
22 
9 
13 
1 
-5 
-13 
-8 
2 
-1 
13 
19 
10 
22 
19 
8 
-5 
-2 
10 
8 
17 
22 
17 
14 
1 
13 
11 
23 
22 
21 
29 
23 
17 
11 
-9 
-4 
12 
7 
16 
15 
9 
-3 
-5 
-13 
-18 
-14 
-8 
9 
10 
9 
11 
28 
28 
11 
14 
18 
12 
11 
17 
16 
3 
3 
-1 
16 
30 
32 
14 
13 
12 
20 
15 
1 
8 
18 
18 
14 
11 
7 
-3 
3 
-4 
5 
2 
6 
13 
17 
37 
31 
20 
10 
19 
9 
11 
7 
-3 
-15 
-21 
-18 
-20 
10 
24 
36 
25 
24 
17 
12 
14 
17 
20 
5 
-3 
3 
-12 
-8 
-7 
-7 
-1 
6 
2 
-6 
4 
9 
17 
21 
18 
26 
6 
10 
6 
2 
9 
2 
-5 
-6 
-5 
21 
30 
16 
-3 
-6 
8 
0 
11 
6 
9 
5 
6 
4 
6 
9 
19 
15 
-8 
-21 
-14 
-4 
7 
1 
-3 
9 
13 
20 
15 
9 
11 
11 
-19 
4 
-3 
-1 
18 
15 
19 
3 
23 
28 
31 
10 
4 
11 
-2 
-3 
5 
3 
-16 
-2 
3 
-3 
2 
6 
-2 
13 
7 
20 
-2 
-2 
-1 
-16 
-16 
-11 
-3 
-11 
-12 
7 
15 
17 
24 
26 
6 
1 
2 
-3 
4 
-12 
3 
3 
6 
2 
-8 
1 
13 
9 
-2 
6 
8 
4 
-4 
-6 
3 
0 
-1 
-14 
-17 
-19 
-11 
8 
6 
-6 
-2 
-4 
7 
24 
20 
16 
-11 
-19 
-10 
-10 
-18 
-15 
-15 
-15 
-15 
-17 
-15 
-15 
-7 
-3 
3 
-4 
-4 
-10 
-26 
-26 
-20 
-20 
-18 
-24 
-21 
-15 
-7 
-22 
-16 
-13 
-8 
-3 
4 
6 
10 
-2 
-22 
-20 
-20 
-20 
-23 
-28 
-18 
-24 
-19 
-23 
-9 
-9 
-14 
-5 
-20 
-31 
-26 
-27 
-35 
-24 
-17 
-18 
-18 
-26 
-20 
-20 
-11 
-14 
-24 
-15 
-7 
5 
3 
5 
-7 
-32 
-37 
-32 
-34 
-34 
-28 
-19 
-9 
-5 
-12 
-25 
-22 
-35 
-26 
-33 
-24 
-13 
-13 
-15 
-24 
-22 
-20 
-14 
-9 
-9 
-18 
-19 
-11 
-3 
1 
-8 
-20 
-10 
-1 
4 
-6 
-25 
-17 
-14 
-14 
0 
-9 
-5 
-18 
-20 
-15 
-17 
-21 
-18 
-13 
-22 
-18 
-13 
-2 
-13 
0 
-2 
-12 
-21 
-13 
-5 
-7 
-2 
-8 
-21 
-18 
-11 
-11 
-7 
1 
8 
-3 
14 
-3 
-3 
-7 
-10 
-7 
-12 
-17 
-21 
-5 
-9 
-10 
-12 
-19 
-23 
-14 
-13 
-18 
-20 
-4 
-3 
-11 
-12 
-12 
-14 
-31 
-22 
-20 
-19 
-10 
-14 
-4 
14 
21 
21 
16 
2 
0 
-16 
-20 
-6 
-10 
-10 
-7 
-11 
-21 
-8 
-10 
4 
-4 
-19 
-15 
-10 
-12 
-20 
-17 
-6 
2 
-8 
-22 
-21 
-15 
-1 
-10 
-13 
0 
-5 
11 
25 
27 
14 
-8 
-12 
-13 
-32 
-21 
-12 
-1 
3 
-13 
-15 
5 
2 
4 
-8 
-17 
-27 
-13 
-9 
-13 
-14 
-8 
-5 
2 
22 
13 
10 
17 
10 
-2 
-3 
-1 
-8 
11 
23 
26 
22 
19 
15 
11 
12 
-7 
0 
-4 
-7 
2 
9 
2 
-2 
-2 
10 
9 
7 
6 
5 
-4 
-2 
10 
7 
0 
-2 
0 
-11 
-17 
-8 
-1 
0 
14 
23 
34 
36 
28 
5 
8 
10 
7 
4 
-2 
2 
-6 
-22 
-1 
7 
9 
17 
17 
12 
6 
8 
-1 
-5 
-23 
-26 
-12 
-6 
4 
5 
7 
-2 
-12 
-24 
-23 
-16 
-4 
14 
13 
14 
11 
-12 
-26 
-18 
-14 
-9 
4 
-9 
-5 
-11 
-4 
-9 
-3 
-9 
-4 
1 
-3 
-10 
-10 
-11 
-16 
-14 
-32 
-32 
-14 
-5 
-2 
-6 
1  
-2 
-10 
-1 
-12 
-11 
-7 
-1 
-11 
-19 
-14 
-26 
-33 
-31 
-22 
-14 
-22 
-14 
-8 
-12 
-11 
-11 
-10 
-5 
-2 
-18 
-17 
-11 
-5 
-11 
-14 
-9 
-13 
-23 
-26 
-21 
-23 
-15 
-4 
2 
-8 
-19 
-27 
-21 
-30 
-25 
-14 
-16 
-22 
-17 
-9 
1 
-24 
-20 
-16 
-17 
-13 
-14 
-21 
-24 
-16 
-33 
-20 
-24 
-11 
14 
-20 
-8 
-4 
-5 
-23 
-36 
-31 
-18 
-2 
7 
-11 
-16 
-15 
-7 
-21 
-15 
-9 
-8 
-34 
-52 
-49 
-42 
-24 
-16 
-24 
-18 
-18 
-25 
-25 
-33 
-36 
-58 
-65 
-54 
-44 
-40 
-36 
-31 
-29 
-32 
-25 
-33 
-10 
-5 
-8 
-12 
-18 
-23 
-31 
-16 
-34 
-29 
-23 
-26 
-22 
5 
-10 
-17 
-12 
-17 
-20 
-19 
-15 
-24 
-34 
-35 
-21 
-9 
-19 
-2 
-13 
-26 
-26 
-32 
-36 
-34 
-35 
-20 
-30 
-18 
-24 
-28 
-23 
-19 
-18 
-30 
-21 
-13 
-20 
-22 
-21 
-25 
-29 
-22 
-20 
-16 
-15 
-18 
-12 
-20 
-15 
-19 
-25 
-28 
-36 
-22 
-13 
-20 
-34 
-29 
-2 
-8 
-9 
9 
16 
10 
-8 
-13 
-16 
-18 
-19 
-32 
-29 
-28 
-21 
-20 
-7 
-4 
-9 
-6 
-19 
-17 
-8 
-8 
-8 
-29 
-28 
-18 
-13 
-16 
-7 
7 
4 
8 
4 
-1 
-1 
-8 
-1 
15 
13 
7 
-6 
-9 
9 
21 
13 
4 
3 
-7 
-9 
-11 
-1 
2 
-8 
-1 
8 
3 
4 
-9 
-18 
-4 
-1 
-10 
2 
-3 
-3 
-10 
-3 
2 
-8 
-7 
-10 
-17 
3 
25 
24 
-5 
0 
-6 
3 
-7 
-10 
3 
2 
-2 
-5 
-2 
-9 
-15 
-17 
-8 
-7 
-9 
-11 
-8 
-16 
-11 
-5 
-19 
-21 
-27 
-15 
-9 
-16 
-8 
-9 
-2 
-11 
6 
13 
7 
11 
-12 
-6 
5 
3 
-2 
-2 
13 
14 
8 
5 
16 
9 
4 
12 
14 
22 
24 
6 
1 
9 
2 
3 
-6 
1 
11 
12 
9 
2 
13 
22 
15 
8 
26 
28 
37 
23 
13 
19 
14 
14 
5 
5 
8 
8 
6 
-1 
-1 
-2 
6 
4 
5 
6 
7 
17 
5 
3 
-9 
-12 
-16 
-15 
-1 
4 
2 
-9 
-3 
-7 
2 
18 
14 
16 
6 
-8 
-17 
-4 
-2 
-1 
-4 
-3 
1 
-3 
0 
2 
1 
-8 
-13 
-7 
5 
6 
9 
9 
17 
22 
21 
9 
5 
2 
7 
-3 
-7 
-9 
8 
19 
11 
23 
30 
34 
16 
7 
8 
7 
12 
12 
13 
11 
7 
6 
11 
8 
2 
-3 
1 
-10 
-4 
2 
6 
8 
0 
0 
10 
9 
11 
7 
-4 
6 
-2 
4 
8 
3 
-4 
12 
22 
17 
6 
0 
0 
5 
-1 
8 
10 
17 
8 
-7 
-8 
10 
2 
-11 
0 
-13 
-2 
0 
7 
14 
7 
12 
7 
2 
-4 
4 
15 
4 
4 
8 
13 
12 
27 
24 
22 
16 
8 
0 
9 
12 
18 
12 
14 
13 
6 
4 
5 
6 
8 
11 
6 
1 
0 
1 
-2 
7 
7 
3 
-5 
-13 
-13 
6 
6 
1 
2 
3 
-2 
-7 
6 
17 
19 
20 
9 
-3 
1 
8 
7 
8 
7 
8 
5 
-8 
14 
2 
-9 
1 
-6 
-13 
-13 
-4 
-5 
7 
1 
5 
1 
-10 
-8 
-6 
4 
0 
-4 
4 
1 
0 
4 
15 
13 
-3 
-8 
-6 
0 
-11 
1 
-7 
-18 
-14 
-13 
-11 
-7 
-17 
-22 
-25 
-20 
-17 
-19 
-24 
-16 
-9 
-8 
1 
-4 
-11 
-5 
-15 
-22 
-38 
-38 
-43 
-34 
-36 
-13 
-10 
-16 
-36 
-31 
-15 
-30 
-24 
-18 
-10 
-10 
-20 
-24 
-27 
-27 
-28 
-39 
-37 
-30 
-28 
-19 
-8 
-8 
-16 
-30 
-31 
-33 
-32 
-38 
-38 
-38 
-34 
-30 
-27 
-30 
-21 
-5 
-2 
-15 
-32 
-38 
-25 
-20 
-30 
-25 
-23 
-13 
-18 
-18 
-9 
-8 
-19 
-24 
-27 
-27 
-26 
-21 
-18 
-17 
-20 
-29 
-25 
-23 
-14 
-22 
-27 
-24 
-27 
-25 
-35 
-39 
-26 
-19 
-18 
-14 
-5 
-20 
-26 
-23 
-23 
-19 
-20 
-32 
-26 
-28 
-22 
-20 
-18 
-24 
-26 
-18 
-13 
-14 
-12 
-3 
-11 
-20 
-32 
-31 
-20 
-18 
-12 
-17 
-15 
-5 
-7 
-10 
3 
15 
19 
9 
-5 
-14 
-14 
-17 
-13 
-19 
-17 
-11 
-18 
-12 
-14 
-16 
-13 
-17 
-39 
-29 
-26 
-24 
-16 
-12 
-15 
-6 
-16 
-13 
-31 
-22 
-9 
-14 
-16 
-12 
-14 
-5 
12 
18 
13 
2 
-1 
2 
-4 
-5 
-4 
4 
-3 
-4 
-2 
-10 
-7 
-6 
2 
10 
2 
-10 
-21 
-22 
-13 
-21 
-11 
-8 
-4 
-11 
-22 
-14 
-6 
-6 
-1 
-3 
-8 
0 
4 
7 
8 
-7 
-9 
-2 
-10 
-15 
-6 
-4 
6 
-4 
-1 
-2 
-1 
-13 
-7 
-12 
-25 
-29 
-20 
-19 
-11 
-7 
-6 
3 
7 
8 
-3 
0 
2 
4 
15 
18 
25 
26 
23 
30 
20 
18 
17 
24 
18 
24 
23 
16 
18 
15 
10 
3 
-5  
19 
21 
15 
16 
14 
16 
8 
14 
25 
13 
13 
28 
18 
15 
19 
9 
25 
22 
12 
12 
28 
43 
49 
38 
10 
0 
11 
7 
7 
3 
3 
7 
21 
19 
18 
15 
13 
7 
5 
4 
12 
18 
36 
28 
14 
20 
18 
11 
9 
14 
7 
13 
17 
7 
11 
15 
35 
25 
25 
11 
15 
17 
18 
10 
15 
15 
21 
8 
-2 
-15 
-11 
6 
11 
6 
16 
8 
5 
15 
13 
13 
2 
-1 
-5 
2 
3 
13 
17 
17 
14 
15 
13 
3 
17 
16 
11 
13 
13 
11 
-12 
-7 
-11 
-20 
-20 
-16 
-19 
-3 
-10 
-13 
4 
-6 
0 
-14 
-30 
-7 
7 
2 
-3 
-2 
-12 
-6 
-18 
-24 
-23 
-16 
-10 
0 
-12 
-1 
15 
2 
-19 
-20 
-33 
-25 
-21 
-22 
-8 
-9 
11 
-11 
-14 
-13 
-15 
-14 
-32 
-45 
-36 
-30 
-27 
-12 
-16 
-30 
-21 
-31 
-24 
-38 
-30 
-25 
-31 
-34 
-31 
-36 
-26 
-10 
-8 
-3 
-22 
-32 
-42 
-35 
-37 
-28 
-27 
-33 
-46 
-61 
-55 
-48 
-40 
-25 
-11 
-14 
-24 
-21 
-34 
-32 
-39 
-47 
-41 
-39 
-29 
-34 
-40 
-38 
-24 
-37 
-36 
-39 
-21 
3 
0 
-22 
-47 
-32 
-37 
-40 
-46 
-59 
-57 
-44 
-44 
-41 
-33 
-22 
-30 
-51 
-57 
-37 
-46 
-48 
-53 
-51 
-37 
-37 
-47 
-54 
-45 
-38 
-48 
-49 
-52 
-32 
-33 
-19 
-12 
-8 
-18 
-27 
-25 
-34 
-32 
-52 
-45 
-44 
-36 
-35 
-39 
-27 
-19 
-34 
-40 
-56 
-48 
-49 
-53 
-55 
-45 
-45 
-38 
-42 
-39 
-45 
-38 
-20 
-42 
-40 
-39 
-38 
-26 
-2 
3 
-17 
-34 
-53 
-42 
-45 
-48 
-36 
-17 
-11 
-12 
-37 
-46 
-42 
-36 
-36 
-31 
-34 
-23 
-34 
-27 
-29 
-29 
-23 
-23 
-27 
-37 
-30 
-18 
-30 
-35 
-31 
-28 
-30 
-20 
7 
11 
-18 
-39 
-70 
-46 
-37 
-32 
-25 
-15 
-10 
-16 
-21 
-30 
-20 
-20 
-33 
-43 
-16 
-17 
-24 
-28 
-32 
-24 
-17 
-24 
-20 
-30 
-34 
-16 
-18 
-22 
0 
-18 
-15 
-20 
-14 
-2 
-19 
-10 
-13 
-18 
-13 
-16 
-30 
-26 
-23 
-3 
-20 
-20 
-12 
-14 
-17 
-19 
-25 
-29 
-17 
-10 
-15 
-6 
0 
6 
-2 
-15 
-21 
-8 
-16 
-23 
3 
0 
-4 
-8 
-6 
12 
-14 
-13 
-16 
-16 
-7 
-1 
-1 
2 
2 
-15 
-22 
-24 
-16 
-2 
-8 
-1 
4 
-7 
-7 
-9 
-1 
2 
-2 
-12 
-13 
-10 
2 
-9 
-4 
-7 
-6 
4 
6 
13 
31 
15 
-4 
-7 
-22 
-6 
-17 
-13 
-3 
-25 
-34 
-27 
-20 
-4 
2 
-19 
-17 
-18 
-8 
4 
4 
-4 
1 
-7 
-10 
-5 
-4 
0 
9 
-2 
-7 
3 
2 
-11 
-15 
-17 
-1 
7 
-5 
24 
19 
5 
-3 
-10 
-1 
-7 
-10 
-8 
-10 
-21 
-7 
8 
11 
9 
-4 
-8 
0 
2 
10 
-8 
1 
-12 
-10 
-7 
-6 
4 
4 
-4 
2 
13 
34 
47 
42 
18 
1 
-12 
-8 
-11 
-2 
-1 
6 
5 
12 
19 
33 
17 
14 
8 
-1 
10 
7 
-6 
1 
-4 
6 
7 
0 
5 
-6 
1 
0 
-12 
3 
32 
34 
24 
28 
33 
13 
25 
19 
5 
-3 
-13 
-10 
5 
6 
-2 
1 
-12 
-11 
-1 
6 
-9 
-20 
-6 
0 
11 
-8 
-3 
14 
1 
-5 
12 
5 
0 
9 
11 
8 
5 
-22 
-11 
11 
14 
0 
-14 
-6 
1 
6 
6 
-6 
-6 
-4 
-10 
5 
-9 
-1 
4 
10 
5 
-6 
4 
0 
10 
10 
8 
-2 
3 
0 
-2 
-19 
-17 
-10 
-13 
17 
1 
-9 
6 
34 
45 
35 
10 
-2 
-7 
-9 
-10 
0 
-16 
-23 
-33 
-13 
7 
-5 
-7 
2 
5 
-19 
-20 
-11 
-11 
-11 
-24 
-28 
-22 
2 
-6 
-13 
-18 
-18 
-21 
-15 
-10 
-9 
-2 
-13 
-17 
-12 
-4 
-12 
-13 
-15 
-13 
-7 
0 
-9 
-4 
-4 
-26 
-31 
-6 
12 
6 
-7 
-17 
-8 
-12 
-12 
-7 
-5 
-10 
-17 
-13 
5 
9 
-16 
-26 
-16 
-10 
-5 
2 
1 
4 
-20 
-21 
-6 
14 
-1 
-7 
-17 
-16 
-14 
-3 
-7 
-22 
-14 
-18 
-23 
-15 
-22 
-27 
-17 
-13 
-15 
-2 
-7 
-1 
5 
-18 
-29 
-24 
-17 
-17 
-32 
-38 
-18 
-10 
9 
18 
1 
-10 
-20 
-17 
-31 
-27 
-21 
-25 
-45 
-37 
-42 
-48 
-16 
-14 
-8 
-17 
-30 
-20 
-17 
-23 
-8 
-18 
-10 
-20 
-25 
-24 
-28 
-22 
-23 
-15 
-14 
-18 
-4 
2 
3 
-17 
-25 
-28 
-36 
-42 
-41 
-36 
-27 
-18 
-25 
-18 
-14 
-11 
-22 
-20 
-25 
-23 
-16 
-7 
2 
4 
-18 
-15 
-27 
-23 
-27 
-27 
-32 
-31 
-23 
-8 
-18 
-19 
-5 
13 
13 
0 
-4 
-9 
-5 
-23 
-26 
-27 
-24 
-19 
-22 
-22 
-6 
-10 
-19 
-19 
-3 
-13 
-4 
1 
-14 
-16 
-20 
-24 
-34 
-24 
-23 
-11 
-13  
-14 
-16 
-27 
-30 
-24 
-22 
-17 
-16 
-26 
-18 
-6 
-15 
-12 
-9 
-4 
-14 
-17 
-6 
-2 
-12 
-27 
-27 
-21 
-20 
-13 
-20 
-13 
-4 
-3 
-6 
-21 
-8 
-12 
3 
6 
6 
-3 
-5 
0 
-12 
-9 
-3 
6 
4 
-1 
-10 
-16 
-16 
-9 
1 
1 
-29 
-20 
-13 
-5 
-9 
-10 
-2 
-3 
-1 
-14 
-21 
-16 
-7 
-6 
2 
-3 
-10 
-2 
10 
22 
13 
-3 
-10 
-11 
-6 
-7 
-4 
0 
-13 
-8 
-7 
-12 
-12 
-11 
-6 
-21 
-25 
4 
-2 
-6 
6 
11 
21 
24 
0 
-8 
-16 
-18 
-17 
-7 
-16 
-7 
0 
7 
14 
12 
-4 
-1 
-4 
-7 
-7 
-3 
-12 
6 
5 
-4 
3 
1 
-2 
15 
12 
-3 
7 
7 
7 
1 
-7 
10 
6 
-8 
-11 
-8 
2 
-11 
-8 
0 
-4 
-5 
-6 
8 
13 
9 
12 
19 
1 
0 
1 
4 
4 
-1 
-9 
-10 
-7 
-13 
-20 
-19 
-17 
0 
-3 
-3 
-8 
-11 
-18 
-26 
-26 
-26 
-16 
-13 
-11 
-14 
-5 
4 
7 
0 
-2 
3 
10 
16 
1 
-9 
-21 
-26 
-21 
-26 
-5 
4 
-10 
-14 
-10 
-19 
-21 
-13 
-11 
-17 
-11 
-7 
-7 
-19 
-18 
-3 
-16 
-35 
-33 
-22 
-27 
-28 
-11 
-16 
-20 
-19 
-17 
-1 
-4 
-11 
-15 
-16 
-12 
-20 
-26 
-23 
-18 
-10 
-16 
-21 
-27 
-39 
-52 
-31 
-37 
-35 
-33 
-31 
-32 
-38 
-27 
-24 
-23 
-29 
-26 
-47 
-54 
-43 
-36 
-43 
-41 
-31 
-15 
-12 
-13 
-30 
-34 
-38 
-33 
-37 
-41 
-37 
-38 
-41 
-40 
-38 
-41 
-40 
-32 
-18 
-33 
-44 
-47 
-40 
-28 
-26 
-25 
-36 
-42 
-37 
-36 
-35 
-34 
-26 
-35 
-35 
-37 
-18 
-14 
2 
-5 
-14 
-27 
-39 
-31 
-44 
-54 
-45 
-39 
-26 
-15 
-31 
-31 
-27 
-32 
-39 
-38 
-43 
-33 
-40 
-47 
-43 
-47 
-50 
-40 
-35 
-24 
-23 
-13 
-10 
-18 
-24 
-29 
-10 
3 
-13 
-42 
-42 
-26 
-19 
-33 
-35 
-21 
-12 
-9 
-13 
-26 
-31 
-27 
-27 
-17 
-19 
-24 
-20 
-25 
-14 
-14 
-14 
-10 
-15 
-15 
-13 
-7 
-16 
-16 
-21 
-12 
-10 
-6 
7 
9 
-5 
-9 
-12 
-6 
3 
-5 
-13 
-17 
-13 
0 
-2 
-7 
-4 
-3 
5 
6 
0 
-1 
10 
5 
1 
2 
1 
8 
1 
6 
7 
-4 
1 
2 
3 
-21 
-13 
11 
23 
32 
4 
-4 
7 
7 
10 
3 
3 
5 
8 
0 
-3 
4 
-5 
1 
8 
7 
-2 
-8 
-8 
-11 
-10 
-14 
5 
-2 
-2 
4 
15 
9 
12 
6 
12 
3 
22 
42 
46 
28 
16 
11 
6 
17 
6 
-5 
15 
17 
5 
1 
13 
3 
4 
8 
20 
6 
11 
14 
18 
27 
10 
23 
17 
16 
21 
10 
13 
14 
23 
23 
19 
21 
30 
33 
35 
17 
25 
26 
27 
29 
20 
22 
39 
32 
33 
20 
27 
29 
18 
20 
31 
32 
32 
31 
34 
29 
19 
27 
30 
27 
31 
34 
22 
9 
22 
27 
32 
36 
32 
37 
27 
35 
25 
23 
23 
19 
21 
30 
27 
13 
22 
25 
30 
24 
12 
12 
24 
24 
12 
21 
19 
13 
19 
16 
26 
39 
42 
31 
42 
37 
47 
37 
31 
42 
42 
40 
26 
20 
37 
46 
49 
27 
16 
4 
25 
21 
7 
13 
20 
29 
38 
33 
31 
26 
17 
13 
5 
6 
4 
7 
8 
9 
16 
27 
21 
19 
25 
12 
8 
29 
35 
33 
16 
11 
11 
11 
25 
22 
27 
30 
28 
28 
15 
25 
25 
26 
18 
28 
35 
35 
32 
17 
14 
20 
32 
17 
24 
27 
23 
14 
12 
16 
8 
5 
36 
40 
37 
31 
13 
13 
4 
18 
15 
14 
1 
4 
23 
14 
21 
31 
27 
33 
38 
30 
25 
19 
9 
8 
-7 
-6 
13 
7 
3 
11 
14 
14 
8 
15 
16 
10 
16 
15 
17 
-8 
1 
10 
8 
5 
6 
-4 
19 
9 
14 
4 
11 
18 
5 
-2 
-10 
0 
0 
3 
12 
3 
6 
0 
-5 
-7 
4 
-7 
-12 
-14 
-16 
-5 
7 
4 
25 
15 
27 
10 
10 
7 
0 
-16 
-15 
-8 
-7 
-8 
-2 
0 
5 
13 
12 
8 
4 
8 
2 
-5 
0 
-10 
-13 
-14 
-7 
-9 
-1 
5 
7 
3 
-11 
5 
-5 
-3 
2 
-12 
0 
-20 
-12 
-16 
-16 
-12 
-10 
2 
-10 
-1 
-5 
-2 
-8 
-15 
-5 
-33 
-15 
-5 
-12 
-17 
-19 
-9 
-1 
-3 
-3 
-1 
-8 
-5 
-18 
-28 
-28 
-10 
-27 
-15 
-5 
-4 
-6 
-9 
-9 
-16 
-26 
-20 
-21 
-22 
-27 
-21 
-26 
-36 
-35 
-35 
-42 
-44 
-29 
-23 
-22 
-13 
-6 
-12 
-24 
-32 
-32 
-47 
-31 
-31 
-28 
-24 
-28 
-25 
-25 
-2 
12 
22 
4 
-2 
-16 
-12 
-16 
-27 
-22 
-17 
-6 
-5 
-17 
-25 
-25 
-16 
-23 
-23 