115 
118 
98 
93 
97 
111 
115 
108 
112 
113 
99 
101 
103 
94 
91 
77 
76 
72 
76 
73 
77 
86 
88 
94 
82 
78 
89 
75 
81 
84 
77 
72 
68 
80 
72 
76 
69 
67 
60 
55 
58 
59 
61 
78 
77 
85 
80 
68 
56 
45 
50 
51 
53 
53 
57 
59 
54 
79 
89 
93 
76 
64 
55 
91 
117 
115 
122 
124 
115 
118 
103 
109 
105 
103 
120 
127 
133 
125 
125 
124 
102 
97 
75 
84 
86 
93 
115 
110 
106 
109 
105 
95 
69 
91 
94 
96 
91 
111 
115 
111 
108 
95 
69 
71 
63 
63 
67 
84 
96 
100 
92 
88 
82 
63 
61 
64 
56 
72 
84 
85 
94 
96 
77 
69 
55 
55 
76 
76 
71 
95 
93 
88 
72 
66 
61 
56 
65 
66 
69 
65 
67 
72 
70 
68 
74 
61 
65 
73 
75 
72 
68 
54 
52 
46 
44 
59 
65 
70 
76 
82 
79 
67 
50 
31 
25 
49 
63 
69 
67 
80 
61 
59 
58 
42 
38 
41 
37 
43 
44 
43 
52 
65 
62 
57 
59 
51 
38 
36 
26 
39 
55 
71 
66 
58 
56 
59 
59 
54 
62 
63 
70 
82 
81 
76 
57 
54 
45 
45 
46 
58 
61 
63 
70 
71 
51 
48 
42 
35 
33 
37 
46 
62 
56 
57 
55 
54 
41 
44 
44 
47 
49 
47 
35 
43 
40 
38 
45 
58 
53 
42 
35 
34 
31 
48 
49 
43 
42 
41 
43 
48 
51 
60 
61 
59 
50 
42 
50 
44 
50 
62 
67 
69 
69 
74 
63 
55 
51 
46 
49 
50 
43 
56 
75 
86 
93 
86 
76 
58 
55 
60 
58 
63 
65 
62 
65 
67 
63 
65 
61 
64 
63 
51 
43 
46 
50 
48 
59 
48 
47 
43 
46 
51 
48 
54 
53 
45 
42 
36 
51 
53 
59 
60 
43 
42 
48 
56 
56 
66 
70 
75 
64 
47 
37 
34 
46 
50 
59 
54 
67 
65 
66 
65 
55 
47 
41 
38 
42 
46 
49 
58 
66 
61 
49 
58 
78 
81 
59 
25 
14 
8 
0 
6 
4 
15 
28 
26 
15 
21 
9 
3 
1 
4 
-1 
13 
10 
29 
28 
31 
29 
11 
16 
7 
0 
16 
27 
33 
36 
34 
38 
39 
50 
47 
35 
31 
35 
23 
34 
32 
28 
22 
16 
19 
6 
15 
20 
20 
39 
34 
28 
29 
21 
14 
13 
26 
31 
36 
47 
40 
33 
24 
25 
21 
14 
20 
20 
45 
51 
50 
33 
25 
21 
16 
15 
5 
15 
13 
18 
23 
22 
14 
12 
-4 
6 
20 
13 
25 
29 
28 
27 
28 
7 
14 
14 
6 
16 
29 
32 
38 
30 
33 
43 
32 
44 
37 
24 
28 
27 
29 
26 
28 
33 
28 
20 
28 
19 
23 
25 
30 
31 
34 
45 
39 
22 
18 
19 
7 
24 
29 
34 
27 
27 
26 
19 
24 
14 
16 
35 
39 
32 
11 
5 
6 
5 
-2 
0 
18 
18 
24 
19 
14 
3 
-2 
-4 
13 
12 
18 
24 
30 
32 
12 
4 
12 
12 
12 
15 
22 
4 
3 
3 
9 
9 
32 
41 
42 
27 
21 
19 
17 
10 
1 
1 
9 
20 
31 
30 
23 
25 
14 
11 
12 
17 
13 
15 
1 
-3 
-4 
-1 
-2 
-1 
7 
14 
20 
23 
19 
23 
24 
26 
37 
43 
27 
30 
22 
20 
24 
12 
10 
14 
30 
36 
30 
23 
24 
9 
7 
0 
3 
10 
13 
19 
22 
5 
2 
-3 
-3 
4 
14 
25 
13 
19 
25 
11 
12 
28 
38 
34 
25 
30 
35 
25 
18 
5 
3 
-12 
-15 
0 
2 
11 
18 
25 
27 
16 
0 
-23 
-4 
-1 
5 
15 
33 
30 
22 
22 
4 
-4 
6 
-2 
-2 
7 
25 
37 
40 
40 
28 
26 
22 
3 
23 
19 
26 
25 
18 
13 
9 
15 
19 
20 
29 
39 
37 
38 
18 
9 
14 
2 
12 
23 
23 
40 
48 
54 
45 
45 
26 
18 
23 
29 
28 
19 
24 
24 
29 
19 
2 
-4 
-8 
-1 
7 
16 
23 
18 
1 
-10 
-19 
-29 
-22 
-3 
0 
0 
0 
1 
-10 
-1 
-1 
2 
-4 
3 
7 
-1 
-2 
5 
9 
4 
-18 
-4 
8 
13 
10 
12 
7 
-7 
-10 
-20 
-19 
1 
4 
12 
14 
10 
-12 
-11 
-13 
-16 
-14 
-12 
0 
6 
6 
-4 
-12 
-9 
-3 
-11 
4 
6 
10 
9 
22 
6 
-11 
1 
6 
0 
5 
-3 
1 
1 
-3 
4 
3 
3 
3 
-1 
1 
3 
6 
19 
23 
20 
12 
1 
-16 
-10 
-6 
13 
6 
13 
-3 
-5 
-14 
-9 
12 
33 
36 
34 
25 
15 
-7 
-13 
-13 
-22 
0 
-7 
12 
15 
8 
7 
7 
6 
6 
-5 
0 
-3 
-1 
3 
4 
7 
-10 
-1 
-11 
-13 
-5 
-18 
-15 
-15 
0 
-8 
0 
-11 
-22 
-16 
-11 
-1 
-9 
-8 
-9 
7 
-8 
3 
7 
-8 
-2 
6 
4 
-1 
-2 
-2 
3 
6 
8 
9 
-4 
-11 
-6 
-6 
-3 
-7 
-7 
0 
-1 
0 
-10 
-15 
-18 
-10 
-2 
0 
5 
-9 
-4 
1 
-1 
-3 
-9 
-26 
-6 
-14 
-8 
-9 
0 
0 
-5 
-6 
7 
19 
29 
11 
0 
4 
2 
-7 
-11 
0 
0 
6 
7 
15 
23 
14 
19 
16 
14 
3 
-8 
-6 
-5 
-11 
-17 
2 
-2 
-2 
3 
14 
13 
1 
6 
7 
-11 
-12 
8 
20 
21 
19 
6 
-2 
-2 
-8 
-3 
2 
-3 
5 
8 
0 
2 
-12 
-5 
4 
-4 
-4 
8 
16 
4 
7 
15 
24 
17 
15 
14 
13 
10 
10 
13 
12 
2 
3 
31 
39 
28 
23 
19 
19 
9 
14 
14 
13 
19 
6 
1 
12 
0 
-2 
3 
8 
7 
11 
12 
1 
-2 
-7 
-11 
12 
9 
21 
8 
14 
8 
-3 
-2 
7 
7 
9 
23 
25 
19 
5 
6 
-3 
7 
9 
11 
11 
10 
12 
-2 
-1 
-11 
-13 
-6 
-6 
2 
-5 
0 
4 
12 
7 
4 
14 
14 
4 
-3 
-15 
-6 
-13 
-5 
-7 
1 
17 
19 
24 
11 
9 
3 
-10 
-8 
-16 
-25 
-16 
-16 
-14 
-11 
6 
-8 
-1 
-2 
-8 
-4 
4 
-2 
7 
-6 
-3 
3 
-10 
-14 
-4 
-2 
-16 
-13 
-7 
-26 
-12 
-15 
-2 
0 
7 
-13 
-5 
-11 
-13 
-12 
-14 
-13 
-24 
-13 
-12 
-27 
-25 
-21 
-25 
-20 
-24 
-19 
-23 
-20 
-20 
-22 
-30 
-28 
-19 
-22 
-14 
-21 
-17 
-18 
-9 
-15 
-22 
-8 
-6 
8 
0 
1 
-25 
-2 
-13 
-13 
-15 
-15 
-14 
-13 
-27 
-26 
-25 
-21 
-20 
-19 
-19 
-13 
-17 
-31 
-35 
-31 
-21 
-16 
-26 
-26 
-29 
-26 
-14 
-8 
-24 
-15 
-2 
6 
0 
-7 
-24 
-24 
-19 
-16 
-17 
-18 
-9 
-19 
-7 
-12 
-18 
-19 
-19 
-9 
-18 
-12 
-13 
-15 
-7 
-10 
1 
-8 
-11 
13 
-7 
-4 
4 
2 
-16 
-7 
-6 
-12 
9 
22 
22 
8 
1 
-6 
-7 
-3 
4 
-7 
-9 
-19 
-1 
-16 
-4 
-24 
-17 
-19 
-20 
-25 
-31 
-24 
-23 
-24 
-9 
-15 
-11 
-19 
-14 
-19 
-16 
-22 
-23 
-23 
-28 
-13 
9 
1 
-1 
-17 
-21 
-27 
-28 
-29 
-31 
-21 
-20 
-4 
-16 
-9 
-15 
-22 
-19 
-25 
-14 
-11 
-27 
-24 
-21 
-21 
-14 
-14 
-13 
-13 
-5 
-6 
-14 
-20 
-23 
-26 
-23 
-9 
-5 
-13 
-15 
-21 
-13 
-10 
-15 
-12 
-8 
-17 
-18 
-17 
-24 
-15 
-18 
-16 
-15 
-12 
-10 
-15 
-19 
-27 
-34 
-36 
-34 
-24 
-35 
-27 
-9 
4 
-11 
-7 
-8 
-25 
-14 
-8 
-11 
-24 
-16 
-28 
-24 
-17 
-11 
-22 
-19 
-16 
-19 
-24 
-30 
-14 
-28 
-25 
-19 
-16 
-24 
-19 
-19 
-17 
-13 
-11 
-10 
-12 
-18 
-16 
-24 
-23 
-20 
-12 
-3 
7 
13 
9 
-10 
-15 
-19 
-31 
-32 
-37 
-20 
-24 
-25 
-14 
-12 
-25 
-29 
-22 
-9 
-25 
-24 
-37 
-38 
-24 
-26 
-35 
-29 
-11 
-8 
-9 
-19 
-18 
-21 
-22 
-17 
-23 
-17 
-5 
-1 
-17 
-14 
-14 
-6 
-16 
-19 
-18 
-14 
-26 
-10 
-14 
-12 
-19 
-3 
-27 
-24 
-25 
-20 
-22 
-23 
-20 
-10 
-6 
-13 
-15 
-10 
5 
6 
-8 
-17 
-8 
-11 
-15 
-6 
16 
18 
-2 
12 
-1 
4 
-2 
-6 
-6 
-10 
-11 
-10 
-12 
-12 
-19 
-20 
-9 
-5 
-4 
2 
8 
1 
9 
7 
2 
4 
9 
2 
-3 
1 
1 
1 
7 
19 
9 
27 
32 
28 
11 
10 
9 
4 
2 
0 
1 
-9 
-1 
9 
7 
12 
12 
10 
1 
8 
14 
12 
3 
7 
13 
13 
0 
6 
-5 
8 
6 
12 
13 
9 
11 
16 
23 
32 
35 
27 
27 
15 
21 
18 
8 
7 
2 
7 
15 
18 
18 
12 
6 
5 
9 
3 
12 
12 
5 
-7 
-5 
-3 
1 
14 
19 
11 
15 
19 
16 
13 
26 
29 
28 
20 
26 
12 
-4 
0 
21 
20 
26 
29 
23 
10 
2 
1 
1 
2 
8 
8 
3 
-1 
11 
6 
14 
14 
20 
2 
16 
20 
7 
1 
3 
-1 
1 
-1 
11 
25 
23 
20 
14 
7 
-6 
-4 
-4 
-17 
-22 
-6 
-2 
1 
10 
8 
8 
2 
5 
13 
-5 
-9 
-10 
-7 
-5 
-4 
-2 
-4 
1 
14 
12 
7 
18 
7 
-9 
-9 
-13 
-4 
1 
27 
21 
26 
11 
7 
-1 
1 
7 
4 
6 
5 
15 
15 
9 
6 
6 
3 
-13 
0 
11 
1 
-5 
11 
8 
6 
0 
-1 
-1 
2 
2 
-7 
-10 
3 
11 
11 
17 
20 
15 
0 
-5 
-10 
-7 
-5 
-1 
7 
-3 
-2 
14 
8 
3 
-1 
10 
2 
-4 
-2 
-3 
-8 
4 
-11 
-4 
8 
-6 
29 
11 
3 
-26 
-24 
-34 
-10 
-10 
-19 
-5 
4 
6 
21 
27 
34 
5 
5 
-3 
-27 
-26 
-28 
-41 
-43 
-28 
-8 
1 
26 
33 
36 
49 
18 
5 
-12 
-37 
-24 
-47 
-30 
5 
7 
9 
16 
12 
63 
54 
51 
26 
-6 
-14 
-41 
-39 
-54 
-35 
-11 
-5 
6 
15 
25 
43 
30 
16 
-1 
-20 
-16 
-29 
-11 
-15 
-7 
22 
8 
28 
40 
36 
20 
10 
-27 
-30 
-33 
-37 
-4 
17 
30 
29 
18 
1 
6 
1 
-6 
3 
16 
-9 
-1 
-9 
5 
-11 
-7 
15 
15 
34 
38 
28 
26 
15 
0 
11 
3 
3 
-3 
7 
1 
3 
-4 
17 
27 
48 
50 
43 
26 
0 
-39 
-21 
-29 
-20 
3 
2 
10 
-4 
10 
18 
28 
23 
2 
11 
-1 
-8 
-14 
-3 
-6 
-5 
-4 
-8 
-3 
14 
58 
46 
33 
14 
1 
-9 
-27 
-3 
3 
11 
12 
13 
30 
9 
-12 
-15 
-22 
-10 
7 
9 
7 
7 
18 
9 
-13 
-27 
-32 
-23 
5 
35 
30 
27 
11 
10 
-1 
-10 
16 
7 
-8 
-8 
-13 
-26 
-1 
25 
13 
21 
32 
27 
25 
-5 
-30 
-68 
-75 
-55 
-25 
16 
48 
57 
61 
34 
17 
15 
9 
-12 
-33 
-50 
-46 
-49 
-61 
-30 
10 
55 
94 
100 
66 
26 
-25 
-39 
-50 
-48 
-44 
-24 
-17 
-14 
-7 
24 
29 
39 
43 
17 
-8 
-26 
-33 
-42 
-25 
-26 
-17 
-9 
1 
1 
-14 
-17 
-27 
-31 
-37 
-19 
-5 
12 
8 
2 
3 
-6 
0 
-3 
7 
-1 
-14 
-37 
-47 
-58 
-54 
-28 
-1 
35 
37 
41 
5 
-21 
-36 
-44 
-46 
-44 
-49 
-34 
-12 
-9 
14 
15 
21 
20 
1 
-9 
3 
-11 
-28 
-41 
-34 
-33 
-19 
-7 
7 
24 
25 
7 
-13 
-14 
-18 
-37 
-34 
-34 
-28 
-9 
3 
13 
-1 
2 
-3 
-9 
-14 
-36 
-40 
-46 
-41 
-25 
-10 
6 
10 
16 
13 
21 
6 
-23 
-26 
-42 
-48 
-35 
-24 
-27 
-7 
-5 
-13 
-5 
1 
-14 
-19 
-31 
-46 
-46 
-29 
-26 
-6 
-10 
5 
16 
14 
-10 
-30 
-22 
-22 
0 
-10 
-32 
-39 
-14 
2 
-4 
2 
0 
-14 
4 
-5 
5 
-12 
-8 
-11 
-14 
-43 
-42 
-22 
-19 
-7 
19 
24 
15 
-17 
-26 
-44 
-38 
-31 
-30 
-31 
-27 
-21 
-13 
-19 
-7 
-18 
-35 
-17 
-27 
-6 
-26 
-21 
-21 
-14 
-16 
2 
-11 
-15 
-20 
-28 
-36 
-35 
-48 
-56 
-54 
-41 
-44 
-23 
-1 
25 
35 
9 
4 
-26 
-33 
-47 
-29 
-9 
-8 
-3 
-12 
-27 
-24 
2 
19 
32 
-6 
3 
6 
-15 
2 
-23 
-25 
-23 
-19 
-9 
-6 
0 
11 
25 
22 
19 
0 
-3 
3 
1 
2 
-1 
-7 
-5 
-13 
-20 
-4 
8 
5 
11 
8 
2 
18 
37 
37 
16 
3 
-3 
-1 
-9 
-8 
0 
15 
9 
5 
5 
5 
2 
11 
9 
8 
6 
8 
23 
14 
5 
-4 
0 
9 
15 
19 
28 
26 
17 
-12 
7 
17 
12 
33 
60 
68 
50 
29 
10 
8 
11 
9 
4 
3 
9 
5 
2 
9 
19 
25 
29 
30 
45 
48 
57 
46 
19 
15 
9 
-6 
-21 
-7 
5 
27 
35 
35 
45 
37 
38 
45 
40 
14 
-3 
-18 
-11 
12 
9 
29 
53 
52 
29 
19 
13 
-4 
-15 
-18 
-17 
-4 
6 
27 
27 
44 
38 
40 
40 
23 
3 
-20 
-40 
-44 
-29 
-25 
0 
19 
51 
72 
80 
80 
31 
7 
-30 
-47 
-45 
-34 
-18 
-3 
9 
38 
41 
47 
32 
43 
35 
14 
-5 
-37 
-40 
-43 
-49 
-33 
15 
50 
66 
69 
56 
50 
27 
-1 
-11 
-15 
-11 
2 
16 
13 
6 
33 
46 
47 
60 
57 
40 
11 
-7 
-30 
-43 
-41 
-45 
-10 
6 
14 
38 
37 
38 
39 
21 
10 
-4 
-14 
-38 
-44 
-35 
-25 
-14 
10 
27 
37 
59 
36 
24 
-11 
-32 
-27 
-17 
-5 
5 
6 
9 
-3 
5 
11 
1 
-4 
4 
-9 
-26 
-20 
-23 
-22 
-14 
5 
3 
4 
6 
6 
2 
-1 
-26 
-14 
-17 
-36 
-43 
-11 
9 
13 
19 
13 
17 
45 
31 
-4 
-1 
-21 
4 
-8 
-18 
-8 
-4 
-18 
6 
0 
-16 
-27 
-27 
-26 
-24 
-15 
-6 
-24 
-14 
0 
0 
-5 
-12 
-17 
-25 
-14 
-19 
-5 
-8 
-3 
7 
3 
-9 
-10 
-7 
-5 
-1 
-9 
-14 
1 
-23 
-18 
-27 
-20 
-7 
0 
12 
24 
7 
-12 
-35 
-62 
-54 
-37 
-28 
-2 
7 
-10 
-9 
-5 
-20 
-39 
-41 
-27 
-19 
4 
-5 
-18 
-24 
-19 
-20 
-9 
-4 
17 
25 
7 
1 
-4 
-36 
-36 
-36 
-65 
-51 
-28 
-20 
-17 
-11 
13 
19 
13 
18 
12 
3 
-25 
-18 
-12 
-16 
1 
9 
4 
4 
9 
-4 
-10 
-13 
-3 
3 
5 
16 
19 
5 
-19 
-32 
-36 
-42 
-23 
0 
-2 
2 
4 
-5 
0 
-2 
-3 
-3 
-3 
-14 
-15 
-15 
-8 
2 
0 
-3 
12 
7 
2 
-1 
-6 
-6 
-9 
-15 
-12 
-8 
11 
29 
36 
20 
18 
11 
9 
17 
24 
4 
-6 
-7 
-20 
-22 
-21 
-21 
-5 
4 
-9 
5 
7 
5 
6 
11 
1 
-3 
5 
-8 
-2 
-3 
-1 
-3 
6 
16 
14 
18 
36 
43 
45 
21 
15 
3 
-8 
-7 
-5 
3 
-3 
11 
1 
-7 
0 
6 
4 
8 
5 
5 
4 
-3 
4 
2 
-11 
3 
-1 
-16 
-1 
-12 
-4 
-7 
-11 
-5 
-13 
-4 
-1 
8 
-4 
-10 
0 
-2 
-8 
1 
8 
-2 
-8 
-10 
-4 
-12 
-2 
2 
-4 
-13 
-5 
14 
5 
4 
7 
12 
5 
2 
-10 
-10 
-10 
-5 
3 
-1 
4 
5 
3 
18 
36 
28 
6 
5 
0 
-3 
-11 
-18 
-4 
1 
5 
0 
-2 
3 
-3 
-2 
-11 
-1 
-3 
7 
5 
2 
14 
1 
-5 
-8 
-4 
-4 
0 
-4 
1 
1 
14 
13 
6 
33 
28 
25 
9 
8 
6 
-1 
0 
-8 
2 
2 
-5 
10 
0 
-3 
-3 
-9 
-10 
-13 
-7 
-12 
-9 
-26 
-14 
-1 
-11 
-11 
-7 
7 
3 
4 
5 
-5 
0 
8 
15 
23 
28 
11 
-1 
10 
19 
19 
10 
13 
8 
-1 
1 
-5 
-4 
-10 
-8 
-7 
-6 
8 
7 
7 
20 
24 
36 
29 
15 
1 
-15 
-17 
-14 
-3 
9 
13 
-4 
10 
10 
18 
18 
5 
-10 
-26 
-36 
-27 
-32 
-25 
-15 
-13 
-3 
-10 
2 
7 
-3 
5 
0 
-10 
-11 
-16 
-23 
-23 
-10 
-15 
-8 
7 
5 
-5 
-3 
-10 
-13 
-16 
-18 
-10 
-6 
-1 
0 
6 
8 
21 
17 
4 
11 
5 
-8 
-16 
-11 
0 
-13 
2 
-5 
4 
0 
-10 
-19 
-19 
-26 
-24 
-3 
-7 
-6 
-15 
-12 
-14 
-17 
-14 
-9 
-20 
-23 
-13 
4 
5 
21 
6 
-6 
-9 
-9 
-23 
-26 
-23 
-22 
-13 
-8 
-1 
-13 
-17 
-25 
-21 
-16 
-23 
-30 
-29 
-35 
-25 
-21 
-13 
-18 
-14 
-19 
-25 
-15 
-27 
-39 
-35 
-36 
-13 
0 
10 
10 
12 
-5 
-14 
-6 
-6 
-10 
-10 
-13 
-16 
-7 
-22 
-13 
-6 
-7 
-4 
-3 
-4 
0 
-4 
-13 
-19 
-24 
-27 
-26 
-37 
-44 
-32 
-29 
-11 
-8 
-3 
-4 
16 
12 
0 
-24 
-46 
-59 
-51 
-55 
-39 
-35 
-20 
-5 
9 
6 
-14 
-14 
-14 
-20 
-18 
-18 
-16 
-9 
-7 
-4 
-2 
3 
-3 
4 
-5 
-8 
-8 
-14 
0 
-10 
-8 
-19 
-1 
-2 
-11 
-11 
-16 
-15 
-12 
0 
-4 
-5 
-3 
-1 
-8 
-15 
-17 
-18 
-9 
-15 
-1 
1 
0 
-2 
-1 
-7 
3 
-6 
-1 
4 
5 
1 
-8 
-12 
-18 
-13 
1 
13 
39 
41 
29 
27 
19 
14 
11 
4 
-7 
-26 
-24 
-16 
-6 
9 
2 
-4 
3 
13 
6 
-4 
13 
7 
2 
4 
0 
-2 
-7 
-6 
-1 
3 
12 
19 
28 
22 
8 
13 
22 
5 
-22 
-14 
-14 
-7 
3 
12 
12 
21 
40 
41 
39 
34 
15 
13 
16 
9 
2 
0 
19 
13 
14 
16 
31 
23 
14 
24 
19 
12 
4 
6 
5 
13 
14 
26 
25 
16 
16 
7 
11 
19 
29 
32 
22 
9 
11 
6 
9 
3 
-4 
-6 
-1 
-2 
-9 
-9 
1 
1 
13 
13 
22 
24 
-1 
8 
-7 
1 
3 
13 
5 
15 
38 
57 
56 
40 
40 
34 
3 
-2 
-9 
-19 
-12 
-3 
-2 
4 
14 
7 
5 
13 
8 
12 
16 
16 
-8 
-19 
-20 
-20 
-7 
-1 
-1 
8 
16 
15 
13 
17 
19 
13 
8 
5 
-18 
-8 
6 
10 
12 
18 
23 
14 
7 
-9 
-5 
-1 
-1 
-10 
-20 
-7 
0 
-2 
4 
16 
4 
15 
9 
5 
21 
6 
3 
4 
-4 
-14 
-5 
-7 
0 
23 
30 
38 
11 
7 
-7 
-16 
-33 
-24 
-12 
-13 
-7 
-1 
-9 
-9 
-9 
2 
6 
8 
8 
1 
2 
-4 
-6 
-1 
-5 
4 
1 
3 
6 
20 
7 
4 
-3 
3 
17 
25 
23 
4 
-7 
-10 
-4 
-15 
-18 
-15 
-4 
4 
16 
-6 
2 
2 
-3 
-10 
-18 
-17 
-9 
-21 
-3 
-10 
-7 
2 
-7 
0 
-17 
-15 
-19 
-25 
-24 
-23 
-19 
-7 
4 
13 
16 
3 
1 
9 
-4 
0 
3 
-7 
10 
5 
10 
6 
-7 
-8 
-10 
-10 
-15 
-9 
-6 
-14 
-6 
-4 
2 
-2 
-17 
-14 
-30 
-19 
-35 
-31 
-21 
-33 
-20 
-8 
11 
19 
6 
-31 
-22 
-28 
-36 
-20 
-19 
-13 
-13 
-2 
-8 
-9 
-8 
-4 
1 
3 
2 
0 
-19 
-13 
-17 
-14 
-10 
-1 
5 
15 
13 
16 
-16 
-14 
-16 
-10 
-10 
-5 
8 
18 
-5 
-5 
-6 
-4 
11 
11 
17 
-2 
-16 
-22 
-17 
-28 
-26 
-24 
-22 
-22 
-15 
-11 
-5 
-5 
4 
9 
-17 
-22 
0 
5 
-4 
-35 
-9 
3 
0 
12 
39 
7 
-9 
-11 
-37 
-55 
-30 
-41 
-16 
5 
33 
52 
60 
41 
27 
24 
17 
-6 
-30 
-37 
-40 
-30 
-5 
-14 
5 
-7 
-4 
1 
-9 
-11 
4 
-24 
-24 
-14 
-28 
-23 
-27 
-38 
-4 
-7 
39 
43 
39 
27 
7 
2 
-1 
4 
-3 
-5 
-1 
5 
7 
21 
30 
7 
7 
-7 
-36 
-36 
-23 
1 
16 
6 
0 
7 
15 
26 
8 
21 
19 
-2 
5 
-6 
-23 
-20 
-4 
-11 
-5 
9 
13 
33 
68 
40 
-3 
-27 
-59 
-59 
-41 
-2 
41 
63 
61 
33 
24 
5 
-1 
-16 
-13 
-7 
-4 
11 
8 
3 
11 
-13 
-3 
10 
8 
7 
37 
9 
18 
36 
39 
17 
12 
13 
24 
33 
25 
-19 
-18 
2 
7 
5 
10 
-5 
12 
14 
10 
33 
37 
19 
-19 
-54 
-75 
-46 
-32 
0 
26 
46 
67 
68 
56 
15 
-1 
-4 
-47 
-43 
-30 
-21 
22 
18 
38 
8 
34 
52 
55 
51 
51 
15 
-30 
-70 
-74 
-64 
-31 
16 
14 
52 
60 
55 
28 
10 
-20 
-23 
-36 
-32 
-44 
-21 
-2 
9 
20 
4 
8 
17 
-14 
-10 
14 
18 
35 
16 
1 
6 
6 
-10 
-13 
-19 
-20 
-17 
-1 
-3 
16 
10 
6 
-2 
-37 
-21 
12 
9 
5 
11 
5 
-24 
-31 
-44 
-46 
-45 
-10 
6 
13 
18 
2 
5 
20 
3 
-14 
-24 
-35 
-32 
-28 
-33 
-9 
13 
17 
17 
7 
-11 
-18 
-15 
-20 
-6 
6 
-14 
-27 
-20 
-6 
-4 
8 
17 
20 
34 
4 
-36 
-35 
-68 
-55 
-31 
-9 
18 
9 
17 
23 
19 
45 
23 
5 
-7 
-17 
-11 
-38 
-12 
0 
8 
9 
22 
11 
-3 
-23 
-9 
-16 
0 
-1 
5 
3 
2 
-14 
1 
-3 
-2 
-5 
-7 
-1 
1 
0 
22 
-1 
21 
34 
14 
39 
-6 
-15 
-17 
-20 
-20 
-17 
-31 
-37 
-21 
-16 
-5 
-7 
-1 
-7 
-7 
16 
18 
31 
49 
32 
14 
-16 
-14 
-54 
-92 
-73 
-23 
-12 
15 
43 
56 
64 
35 
40 
26 
-7 
-20 
-24 
-27 
-23 
-11 
-45 
-43 
-43 
-1 
25 
58 
51 
39 
25 
-16 
-53 
-60 
-80 
-50 
-3 
29 
30 
1 
-12 
7 
-17 
6 
50 
33 
39 
0 
-24 
-60 
-75 
-49 
-19 
1 
27 
20 
38 
11 
17 
5 
-19 
-38 
-45 
-49 
-49 
-45 
-50 
-1 
4 
4 
35 
9 
-3 
-2 
-13 
1 
-4 
-32 
-50 
-39 
-23 
-3 
35 
42 
60 
43 
23 
-2 
-21 
-28 
-32 
-14 
-20 
-29 
-30 
-9 
-3 
11 
16 
6 
-11 
-23 
-6 
-1 
-24 
-30 
-50 
-49 
-47 
-22 
-16 
8 
21 
17 
-3 
-13 
-44 
-25 
2 
25 
1 
-8 
-26 
-27 
-24 
-26 
0 
3 
16 
-3 
-22 
5 
-26 
-31 
-18 
-28 
-20 
-19 
-37 
-26 
0 
7 
15 
-18 
-6 
-16 
-28 
-7 
-12 
-1 
0 
-19 
-2 
-7 
-14 
5 
8 
10 
-3 
-2 
-12 
-10 
-32 
-35 
-31 
-32 
-13 
14 
18 
48 
26 
-14 
-19 
-18 
-39 
-32 
7 
11 
14 
12 
-18 
-17 
-26 
-16 
-5 
15 
11 
12 
29 
9 
11 
10 
-23 
-15 
10 
15 
35 
25 
-8 
-7 
-26 
-44 
-42 
-29 
-26 
-21 
-3 
31 
33 
31 
4 
-5 
-11 
-8 
-9 
16 
38 
10 
-9 
-3 
-21 
-25 
-32 
0 
26 
55 
64 
29 
9 
-20 
-25 
2 
38 
20 
37 
15 
-20 
-30 
-24 
-16 
-17 
2 
39 
20 
23 
15 
5 
3 
12 
20 
20 
14 
13 
-2 
-38 
-36 
-14 
1 
13 
42 
46 
38 
50 
16 
-6 
-3 
4 
-5 
-24 
-25 
0 
-10 
-22 
-28 
-4 
12 
28 
41 
47 
38 
18 
6 
13 
-21 
-29 
-16 
-22 
-15 
-13 
17 
44 
40 
45 
32 
9 
1 
12 
24 
11 
12 
-24 
-31 
-34 
-34 
-25 
-5 
29 
43 
69 
64 
32 
0 
-23 
-26 
-32 
-35 
-28 
-23 
-23 
-11 
-1 
7 
19 
41 
15 
9 
-5 
-29 
-32 
-49 
-13 
28 
27 
51 
25 
31 
12 
0 
-3 
-12 
-19 
-21 
-18 
-10 
-13 
7 
18 
44 
69 
50 
26 
4 
-17 
-45 
-70 
-60 
-40 
-13 
-21 
9 
29 
38 
54 
53 
58 
24 
19 
-8 
-26 
-8 
-21 
-8 
-38 
-39 
-23 
-28 
13 
33 
53 
70 
69 
40 
8 
-28 
-47 
-54 
-39 
-24 
-9 
-9 
14 
30 
50 
54 
53 
39 
9 
-7 
-37 
-50 
-59 
-24 
-18 
16 
48 
64 
52 
31 
20 
14 
6 
1 
-35 
-42 
-16 
-17 
9 
29 
27 
20 
21 
2 
-19 
-21 
-1 
7 
16 
17 
12 
21 
-1 
-6 
-1 
-11 
12 
12 
20 
8 
17 
31 
34 
35 
26 
28 
27 
-8 
-14 
0 
-17 
-25 
-1 
18 
35 
28 
24 
14 
-13 
-2 
9 
-19 
-30 
-7 
-26 
-7 
-1 
25 
23 
13 
10 
15 
-21 
-31 
-27 
-36 
-37 
-33 
-26 
-23 
-19 
-17 
-30 
-37 
-34 
-26 
-32 
-38 
-20 
-4 
-11 
-6 
-12 
-7 
-10 
-13 
-14 
-19 
-21 
-21 
-17 
-16 
-25 
-16 
-7 
-10 
-3 
0 
-15 
-15 
-7 
2 
-5 
-3 
-2 
-5 
4 
6 
-8 
1 
-4 
-3 
8 
2 
12 
22 
13 
2 
7 
8 
-8 
-3 
7 
-6 
-10 
-14 
-17 
-15 
-12 
5 
-12 
-16 
-10 
1 
-2 
3 
12 
11 
16 
8 
-1 
-12 
-12 
-14 
-15 
-22 
-8 
-8 
1 
3 
24 
23 
16 
3 
1 
1 
-4 
-2 
-16 
-22 
-16 
-2 
12 
5 
1 
11 
12 
-3 
-16 
-1 
-8 
-5 
-6 
0 
-7 
-10 
-4 
-3 
-1 
1 
-7 
4 
10 
7 
-6 
10 
12 
13 
3 
1 
1 
-3 
2 
9 
1 
0 
-15 
-14 
-12 
-9 
-6 
-7 
-11 
-10 
-1 
-2 
-3 
-5 
-8 
-3 
-7 
-1 
6 
11 
16 
2 
-2 
-11 
-8 
-2 
-11 
10 
25 
23 
7 
1 
18 
-12 
-11 
-11 
-1 
-2 
4 
13 
15 
3 
8 
17 
17 
17 
18 
11 
12 
2 
3 
-3 
-7 
2 
3 
3 
11 
-1 
-7 
11 
10 
1 
8 
19 
13 
6 
5 
-2 
-6 
-2 
-2 
7 
3 
-3 
-9 
-7 
-2 
9 
3 
-1 
1 
4 
14 
10 
8 
11 
6 
-2 
16 
3 
0 
-15 
-16 
-14 
-3 
-1 
1 
3 
17 
24 
29 
15 
15 
11 
7 
3 
3 
-5 
-8 
-5 
0 
5 
-1 
0 
4 
-5 
0 
2 
10 
-2 
0 
4 
6 
7 
3 
10 
5 
3 
-4 
4 
5 
-2 
2 
1 
23 
23 
13 
-11 
-6 
0 
6 
8 
12 
2 
10 
16 
9 
-7 
0 
2 
2 
1 
-1 
-5 
13 
15 
12 
14 
19 
13 
24 
14 
2 
3 
5 
2 
0 
3 
2 
7 
20 
41 
42 
28 
8 
16 
18 
9 
11 
3 
7 
11 
6 
14 
10 
8 
18 
9 
15 
18 
15 
12 
3 
19 
8 
5 
13 
12 
-1 
-1 
10 
23 
17 
20 
17 
18 
32 
35 
23 
7 
2 
7 
-3 
-9 
1 
5 
1 
14 
26 
24 
22 
23 
18 
22 
17 
0 
-1 
-11 
-6 
-3 
7 
1 
9 
9 
5 
6 
2 
-1 
-15 
-13 
-6 
-2 
7 
18 
7 
8 
1 
13 
20 
14 
10 
8 
3 
-6 
-2 
-8 
-16 
6 
-1 
7 
6 
12 
9 
6 
9 
5 
1 
4 
6 
6 
-3 
3 
1 
10 
18 
9 
18 
18 
11 
4 
-23 
-15 
-7 
-7 
-15 
-7 
-6 
-1 
-7 
-14 
-9 
-10 
-16 
-16 
-18 
-28 
-16 
-9 
-13 
-11 
-15 
-9 
-9 
-17 
-18 
-18 
-9 
-8 
-18 
-13 
-8 
6 
19 
29 
24 
8 
-3 
-14 
-19 
-28 
-20 
-27 
-25 
-22 
-25 
-11 
-17 
-15 
-7 
-15 
-14 
-11 
-9 
-9 
-21 
-25 
-18 
-20 
-16 
-18 
-12 
-26 
-19 
-11 
-15 
-19 
-15 
-2 
-8 
-11 
-12 
-19 
-15 
-20 
-12 
-21 
-16 
-26 
-21 
-28 
-30 
-32 
-28 
-17 
-6 
-15 
-23 
-8 
-10 
-14 
-18 
-32 
-32 
-36 
-47 
-39 
-28 
-20 
-10 
-14 
-22 
-27 
-20 
-7 
-1 
-12 
-38 
-36 
-26 
-26 
-31 
-43 
-37 
-25 
-36 
-18 
-14 
-23 
-25 
-36 
-30 
-35 
-40 
-34 
-31 
-23 
-22 
-21 
-27 
-25 
-9 
-1 
-23 
-15 
-29 
-26 
-30 
-20 
-10 
-9 
-18 
-24 
-33 
-26 
-10 
-18 
-27 
-28 
-30 
-33 
-36 
-35 
-41 
-29 
-33 
-20 
-22 
-28 
-22 
-20 
-25 
-17 
-13 
-19 
-7 
-3 
-15 
-18 
-27 
-22 
-27 
-29 
-29 
-4 
-9 
1 
-17 
-14 
-23 
-24 
-15 
-14 
-23 
-25 
-21 
-20 
-24 
-21 
-10 
-10 
0 
-11 
-7 
-18 
-5 
-3 
-12 
-9 
-13 
-23 
-11 
-22 
-22 
-30 
-33 
-28 
-16 
-14 
-11 
-3 
8 
1 
-7 
-20 
-26 
-27 
-9 
-18 
-16 
-10 
-10 
7 
15 
9 
16 
14 
3 
4 
-2 
-1 
-6 
-14 
-15 
3 
-6 
0 
-2 
1 
5 
0 
-6 
-8 
-8 
-11 
12 
18 
22 
15 
9 
-1 
-9 
-6 
2 
9 
5 
12 
10 
2 
15 
13 
19 
12 
11 
0 
0 
13 
1 
-7 
-13 
-11 
-16 
-21 
-14 
-2 
6 
0 
18 
12 
3 
14 
21 
12 
1 
-12 
-13 
-1 
0 
-7 
-7 
-8 
-15 
-9 
-12 
-17 
-19 
-22 
-24 
-28 
-14 
-15 
-10 
-16 
3 
3 
3 
11 
15 
4 
-4 
-5 
-9 
-1 
-10 
-1 
-3 
-10 
8 
15 
21 
8 
-6 
-9 
-13 
-8 
-11 
-18 
-11 
-17 
-17 
1 
-1 
12 
3 
9 
8 
-1 
-6 
3 
2 
-1 
3 
-4 
-13 
-9 
-4 
1 
11 
3 
6 
3 
-6 
6 
11 
10 
4 
-1 
-12 
-3 
-1 
-2 
4 
6 
12 
4 
-1 
-1 
-4 
0 
5 
5 
16 
17 
1 
3 
6 
-3 
-5 
13 
15 
22 
14 
11 
8 
3 
15 
6 
4 
19 
19 
-3 
-13 
-40 
-43 
-31 
-10 
15 
25 
39 
31 
12 
-5 
-5 
-7 
-24 
-18 
-25 
-26 
-30 
-40 
-31 
-27 
-23 
-7 
6 
6 
14 
15 
-1 
-17 
-11 
-21 
-23 
-24 
-24 
-24 
-7 
19 
33 
29 
23 
18 
10 
-12 
-2 
-12 
-4 
-24 
-5 
-7 
4 
14 
3 
-25 
-37 
-43 
-25 
-13 
4 
19 
19 
21 
12 
0 
-14 
-44 
-45 
-23 
-24 
-5 
11 
1 
-2 
-17 
-3 
17 
19 
9 
-13 
-19 
-31 
-25 
-10 
-18 
-8 
2 
-22 
-40 
-34 
-39 
-13 
16 
3 
-6 
-6 
-21 
-24 
-9 
8 
4 
-5 
-13 
-27 
-25 
-29 
-32 
-13 
-1 
-14 
-1 
-18 
-19 
2 
9 
-16 
-13 
-25 
-26 
-25 
-2 
3 
-5 
3 
-26 
-22 
-13 
2 
20 
6 
-1 
-31 
-41 
-36 
-57 
-34 
-31 
-22 
-15 
-5 
-12 
1 
1 
11 
8 
-25 
-19 
-30 
-27 
-3 
-8 
0 
-11 
-34 
-39 
-28 
-18 
5 
7 
19 
0 
-20 
-25 
-33 
-47 
-27 
-13 
-22 
-23 
-21 
-29 
-16 
-5 
-1 
5 
-8 
-20 
-34 
-28 
-29 
-24 
-2 
-21 
-16 
11 
9 
-11 
-26 
-27 
-48 
-31 
-40 
-44 
-45 
-59 
-40 
-20 
0 
12 
2 
-20 
-54 
-40 
-32 
-46 
-48 
-30 
-8 
8 
11 
-12 
-19 
-26 
-20 
-13 
-31 
-36 
-33 
-22 
11 
18 
8 
12 
16 
-10 
-14 
-13 
-17 
-29 
-18 
-19 
-23 
-40 
-32 
-12 
2 
17 
33 
21 
1 
-17 
-17 
-17 
-47 
-40 
-30 
-14 
-3 
-12 
-5 
-26 
-31 
-24 
-17 
4 
8 
16 
-15 
-7 
-16 
3 
-5 
-15 
-12 
-46 
-33 
-50 
-59 
-25 
4 
14 
21 
20 
11 
-14 
-6 
-17 
-35 
-37 
-40 
-37 
-19 
-10 
-1 
-5 
25 
31 
31 
7 
-8 
-20 
-12 
-31 
-24 
-7 
4 
9 
20 
19 
9 
12 
-2 
-32 
-16 
-58 
-43 
-31 
-31 
8 
18 
-2 
17 
-4 
-31 
-32 
-25 
-30 
-26 
-13 
-9 
-10 
6 
17 
18 
27 
33 
-3 
8 
-14 
-29 
-37 
-18 
-2 
6 
37 
25 
45 
22 
-2 
-43 
-76 
-70 
-47 
-45 
-42 
-27 
-8 
9 
37 
52 
31 
9 
-7 
-49 
-77 
-62 
-54 
-52 
-23 
-24 
33 
43 
65 
69 
51 
34 
-12 
-38 
-62 
-73 
-60 
-64 
-46 
-10 
11 
22 
46 
37 
28 
18 
-12 
-11 
-31 
-51 
-35 
-30 
-49 
-36 
-31 
-14 
9 
36 
51 
52 
44 
25 
-9 
-20 
-40 
-35 
-45 
-19 
-9 
-5 
15 
7 
11 
9 
-20 
-38 
-44 
-52 
-46 
-39 
-30 
-14 
-17 
2 
8 
-15 
-15 
-29 
-24 
-19 
-28 
4 
17 
19 
13 
-24 
-6 
9 
9 
3 
8 
22 
9 
26 
12 
7 
-8 
-14 
-1 
-7 
2 
3 
-28 
-12 
-17 
-14 
-8 
10 
15 
21 
27 
19 
8 
-13 
-20 
-14 
5 
-23 
-24 
6 
-18 
-2 
37 
32 
68 
73 
49 
38 
19 
-3 
-10 
-32 
-38 
-34 
-17 
17 
17 
26 
39 
45 
60 
33 
20 
18 
-2 
-27 
-6 
-4 
-9 
-8 
-3 
6 
33 
30 
16 
9 
19 
32 
55 
48 
21 
24 
-13 
-51 
-37 
-25 
-11 
-26 
9 
35 
34 
69 
54 
28 
14 
-23 
-13 
-22 
-26 
7 
1 
46 
48 
62 
55 
21 
18 
7 
15 
39 
22 
8 
11 
-2 
14 
22 
20 
6 
3 
10 
9 
5 
11 
20 
27 
29 
14 
9 
23 
12 
11 
-2 
-3 
9 
11 
10 
5 
8 
14 
25 
29 
-4 
-7 
-11 
-20 
-24 
-22 
-1 
-13 
-13 
9 
20 
48 
43 
32 
43 
27 
29 
21 
-12 
-37 
-33 
-36 
-29 
-1 
15 
28 
49 
46 
27 
1 
-21 
-39 
-52 
-38 
-24 
1 
-26 
0 
14 
25 
33 
34 
21 
-11 
-24 
-18 
-23 
-22 
-29 
-29 
-22 
16 
28 
31 
48 
35 
-5 
-19 
-33 
-25 
-27 
-1 
11 
25 
29 
8 
17 
23 
6 
4 
-5 
-20 
-25 
-32 
-26 
-14 
4 
23 
30 
28 
17 
8 
32 
-4 
-42 
-39 
-36 
-12 
12 
25 
33 
25 
11 
0 
7 
-3 
-30 
-32 
-49 
-32 
-14 
5 
-2 
-8 
0 
1 
-4 
-8 
6 
3 
-16 
-39 
-28 
-20 
-7 
7 
16 
43 
21 
11 
24 
22 
-3 
-24 
-36 
-41 
-46 
-25 
-14 
-16 
-9 
-3 
11 
12 
-6 
-2 
-41 
-21 
-5 
0 
11 
-16 
-20 
-32 
-25 
-23 
-6 
1 
-7 
-4 
-11 
-32 
-12 
-7 
7 
0 
-15 
-15 
-14 
-13 
-8 
8 
8 
5 
5 
-20 
-51 
-53 
-56 
-28 
-18 
-40 
-11 
29 
45 
52 
29 
7 
-27 
-54 
-62 
-40 
-18 
-31 
-17 
3 
12 
16 
18 
29 
22 
5 
5 
-33 
-76 
-82 
-68 
-49 
-8 
22 
44 
28 
0 
-19 
-33 
-29 
-54 
-34 
-17 
-27 
3 
20 
27 
27 
9 
22 
5 
-7 
-22 
-38 
-51 
-42 
-32 
-12 
33 
59 
51 
28 
18 
-7 
-8 
-28 
-54 
-47 
-53  
22 
-6 
-13 
-19 
-16 
-29 
-33 
-24 
-41 
-36 
-42 
-32 
-10 
-10 
-1 
-20 
-22 
-21 
-24 
-26 
-18 
-17 
-21 
-8 
-12 
-24 
-20 
-23 
-16 
-18 
5 
7 
13 
2 
1 
3 
7 
-6 
-12 
-16 
-11 
-18 
-4 
-28 
-29 
-6 
-1 
7 
11 
-4 
-13 
-22 
-47 
-47 
-46 
-37 
-12 
-4 
7 
15 
15 
1 
0 
5 
-2 
-15 
-22 
-20 
-29 
-12 
21 
21 
18 
5 
-5 
8 
4 
9 
17 
7 
-11 
-16 
-20 
-20 
-10 
0 
-9 
6 
14 
19 
14 
1 
-1 
4 
0 
4 
1 
-3 
11 
23 
14 
20 
13 
-12 
-17 
-14 
8 
28 
37 
40 
38 
23 
26 
16 
19 
10 
6 
6 
-16 
1 
-5 
-17 
-5 
-2 
4 
13 
15 
24 
15 
17 
6 
-8 
-13 
-22 
-29 
-18 
-16 
-14 
-12 
8 
10 
18 
37 
28 
3 
-2 
-16 
-11 
-28 
-22 
-2 
9 
16 
16 
19 
21 
24 
21 
6 
20 
6 
-5 
-5 
3 
7 
18 
13 
-3 
-4 
-8 
-5 
10 
12 
24 
20 
13 
12 
31 
26 
15 
13 
11 
6 
18 
8 
-4 
-3 
-11 
-8 
-6 
-6 
-9 
-8 
1 
-3 
3 
10 
1 
-1 
4 
13 
21 
14 
9 
19 
9 
9 
6 
12 
13 
16 
15 
31 
28 
30 
11 
27 
12 
15 
16 
8 
17 
7 
5 
5 
-9 
-9 
-10 
14 
12 
12 
14 
-2 
-12 
-4 
4 
0 
-8 
-13 
-6 
9 
4 
18 
12 
6 
-3 
0 
2 
11 
15 
12 
-7 
-9 
-10 
-7 
-4 
-6 
3 
1 
16 
16 
3 
-19 
-12 
-30 
-6 
-17 
-16 
9 
6 
-1 
19 
6 
6 
-7 
4 
-2 
-4 
-5 
4 
-9 
-25 
-25 
-15 
-8 
6 
12 
-6 
2 
-9 
-24 
-24 
-24 
-11 
1 
2 
0 
-8 
-10 
-14 
-20 
-14 
-34 
-14 
-19 
-24 
-16 
-25 
-22 
-3 
2 
6 
-1 
-17 
12 
-1 
1 
-14 
-13 
1 
10 
14 
6 
-10 
-15 
-17 
-11 
-14 
12 
4 
-7 
-5 
-9 
-7 
3 
3 
-16 
-9 
-6 
-8 
-11 
-24 
-13 
-13 
2 
-4 
-4 
-8 
-5 
11 
17 
9 
2 
-16 
-20 
-31 
-23 
-19 
-17 
-10 
-10 
8 
18 
-2 
9 
-4 
-11 
-16 
-15 
-12 
-11 
-13 
-14 
-14 
1 
-2 
-13 
3 
3 
0 
5 
15 
10 
-1 
-16 
-11 
-24 
-22 
-17 
-13 
10 
19 
40 
32 
16 
3 
0 
-7 
-13 
-16 
0 
-11 
-16 
4 
6 
10 
24 
20 
6 
-6 
-6 
-10 
-22 
-9 
-4 
3 
7 
3 
2 
10 
7 
18 
22 
8 
5 
1 
13 
6 
4 
-4 
-5 
8 
6 
0 
12 
10 
15 
-3 
-1 
-1 
-16 
-19 
-23 
-14 
-10 
-14 
-6 
-12 
-4 
-6 
-12 
-15 
-1 
-4 
-10 
-14 
-8 
5 
10 
-8 
-15 
-18 
-17 
-5 
7 
-9 
-3 
11 
10 
-2 
-6 
-6 
-2 
-7 
-6 
4 
4 
9 
-2 
12 
6 
7 
18 
7 
6 
7 
5 
-7 
-17 
-14 
-6 
-2 
-5 
11 
10 
3 
-8 
-7 
-8 
1 
-8 
-9 
-10 
-12 
-8 
-20 
-13 
-14 
-10 
-22 
-7 
-9 
-12 
5 
-14 
-8 
-18 
-12 
-16 
-25 
-25 
-17 
-13 
-5 
9 
8 
9 
7 
5 
-1 
-13 
-18 
-22 
-2 
25 
35 
19 
7 
5 
-14 
-10 
-18 
-13 
1 
7 
-1 
3 
-7 
-11 
2 
1 
0 
2 
-3 
-11 
-20 
-9 
-18 
-7 
0 
-17 
-1 
7 
-4 
-3 
-14 
-1 
-18 
-8 
21 
17 
21 
5 
-8 
-3 
2 
-14 
-20 
-13 
-5 
-1 
-2 
-2 
-18 
-7 
-20 
-21 
-9 
-23 
-18 
-14 
-16 
3 
2 
-11 
-10 
0 
-14 
-7 
-15 
-17 
-9 
-17 
-2 
12 
19 
21 
16 
30 
8 
31 
5 
-2 
-14 
-11 
-12 
-17 
-11 
7 
-5 
7 
4 
14 
20 
3 
14 
-5 
-26 
-16 
-11 
-16 
-19 
-14 
0 
1 
-1 
-1 
-19 
-4 
-1 
15 
45 
31 
0 
-6 
-23 
-14 
-10 
-5 
-4 
3 
10 
2 
-6 
2 
7 
11 
22 
19 
11 
2 
-11 
-18 
-20 
-3 
-1 
11 
10 
15 
10 
4 
15 
6 
0 
-8 
7 
26 
28 
19 
-3 
7 
22 
21 
10 
-1 
-5 
-8 
1 
11 
7 
3 
17 
15 
4 
13 
11 
3 
-2 
-16 
-2 
-8 
-7 
-16 
-11 
-15 
8 
13 
11 
23 
12 
-7 
-4 
-2 
-4 
-20 
-5 
-15 
-20 
8 
3 
0 
7 
3 
3 
4 
-2 
-1 
1 
-6 
-16 
-5 
-22 
-9 
-6 
-13 
-4 
2 
2 
7 
8 
14 
-1 
-7 
-13 
-22 
-33 
-4 
10 
22 
7 
4 
1 
-4 
-17 
-13 
-4 
-23 
-23 
-21 
-28 
-32 
-33 
-44 
-41 
-40 
-23 
-35 
-34 
-21 
-42 
-38 
-21 
-17 
-21 
-20 
-19 
-31 
-17 
-15 
-38 
-13 
-28 
-7 
-1 
-5 
-10 
-8 
-10 
-6 
8 
12 
-8 
-9 
-26 
-19 
-26 
-16 
-20 
-15 
-29  
24 
3 
0 
5 
-24 
-1 
-6 
4 
30 
7 
8 
-6 
-5 
5 
-7 
-15 
-18 
-6 
-8 
8 
41 
32 
12 
14 
1 
-25 
-30 
-22 
-10 
9 
19 
39 
28 
24 
7 
20 
12 
3 
2 
4 
13 
3 
-11 
-18 
-20 
9 
15 
22 
23 
23 
13 
27 
5 
-22 
-28 
-43 
-50 
2 
51 
87 
79 
73 
39 
14 
-37 
-54 
-58 
-39 
-2 
23 
37 
62 
58 
56 
60 
14 
-6 
5 
-21 
-42 
-33 
-19 
7 
29 
41 
83 
82 
71 
38 
20 
-12 
-20 
-52 
-45 
-51 
5 
15 
48 
63 
54 
53 
42 
27 
32 
28 
10 
-7 
-19 
-35 
-23 
-14 
4 
28 
51 
65 
43 
9 
-10 
-24 
-41 
-42 
-22 
-12 
-5 
25 
33 
46 
58 
42 
24 
6 
6 
-9 
20 
33 
39 
26 
17 
17 
7 
2 
7 
-4 
13 
4 
7 
10 
40 
28 
26 
31 
11 
-8 
-5 
-32 
-24 
-8 
28 
17 
40 
33 
27 
33 
28 
39 
33 
10 
6 
-1 
-12 
-20 
-44 
-55 
-40 
-10 
15 
27 
53 
87 
78 
60 
24 
1 
-41 
-44 
-36 
-38 
-35 
-15 
-5 
14 
19 
43 
43 
44 
24 
16 
4 
-26 
-16 
-42 
-31 
-24 
-3 
47 
25 
43 
46 
35 
33 
19 
-7 
-21 
-30 
-25 
-31 
-15 
-20 
-5 
10 
11 
24 
7 
-4 
0 
4 
-17 
-28 
-22 
-31 
-30 
-45 
-26 
-11 
8 
-7 
13 
30 
42 
7 
-18 
-17 
-8 
-35 
-19 
-21 
-16 
-15 
-21 
-3 
17 
-3 
-14 
-21 
-25 
-20 
-34 
-20 
-41 
-16 
-2 
1 
16 
4 
12 
1 
-17 
-15 
-40 
-57 
-61 
-28 
-23 
-14 
12 
14 
-2 
-31 
-28 
-28 
-22 
7 
-4 
-11 
-4 
-30 
-25 
-25 
-23 
-18 
8 
12 
-4 
-17 
-14 
-9 
-13 
-12 
-20 
-20 
-32 
-28 
-27 
-16 
-35 
-24 
-37 
-9 
1 
3 
-5 
-4 
-20 
-29 
-40 
-36 
-16 
-11 
-1 
18 
4 
17 
-13 
-29 
-29 
-28 
-17 
-7 
-7 
-49 
-35 
-29 
-20 
16 
13 
18 
13 
-14 
-25 
-27 
-16 
-32 
-14 
-9 
-2 
36 
46 
35 
20 
3 
11 
-11 
-16 
-27 
-36 
-33 
-35 
-20 
-21 
-3 
-8 
-7 
16 
15 
21 
-2 
-26 
-13 
-31 
-33 
-24 
-35 
-18 
-32 
-27 
-13 
-12 
-5 
4 
11 
36 
47 
37 
22 
-12 
-46 
-44 
-60 
-55 
-18 
3 
37 
37 
19 
-4 
-11 
-17 
-25 
-8 
-5 
-18 
13 
20 
-9 
8 
-7 
-2 
-5 
-16 
-22 
-20 
-13 
-27 
-6 
14 
26 
54 
51 
51 
22 
4 
-11 
-42 
-53 
-59 
-56 
-50 
4 
27 
59 
81 
75 
62 
33 
-6 
-4 
-43 
-62 
-66 
-75 
-56 
-25 
25 
57 
50 
85 
48 
4 
-4 
-17 
-25 
-27 
-39 
-39 
-35 
-41 
-27 
-12 
33 
27 
53 
28 
3 
4 
-38 
-43 
-31 
-13 
-30 
-30 
-19 
-8 
-6 
21 
4 
-3 
0 
-10 
-13 
-10 
24 
1 
-1 
-19 
-34 
-44 
-33 
-27 
4 
44 
83 
66 
71 
44 
17 
-17 
-42 
-62 
-70 
-44 
-27 
-4 
27 
47 
39 
33 
24 
15 
10 
0 
-5 
-17 
-25 
-48 
-58 
-35 
-14 
18 
35 
41 
36 
19 
5 
-31 
-33 
-40 
-44 
-47 
-32 
-17 
6 
30 
32 
27 
30 
1 
-32 
-7 
-20 
-14 
3 
-11 
-3 
-3 
-21 
13 
16 
17 
18 
17 
5 
-4 
5 
6 
23 
27 
-4 
-5 
-15 
-21 
-9 
16 
18 
32 
43 
30 
18 
27 
5 
-8 
5 
-5 
-11 
5 
-12 
5 
14 
8 
3 
5 
6 
17 
25 
10 
12 
5 
-14 
-24 
-8 
-9 
9 
36 
31 
25 
22 
36 
30 
30 
4 
-7 
5 
-5 
-4 
8 
12 
5 
18 
-5 
9 
-1 
-4 
-12 
-6 
12 
31 
27 
26 
11 
3 
-5 
-20 
-26 
-29 
-6 
27 
27 
27 
11 
14 
14 
7 
5 
9 
1 
-23 
-29 
-35 
-32 
0 
-12 
-10 
20 
28 
36 
43 
28 
15 
3 
11 
-9 
-19 
-25 
-45 
-22 
-23 
-5 
20 
23 
33 
10 
14 
26 
-1 
11 
-19 
-41 
-12 
-9 
-3 
2 
-10 
14 
-5 
3 
3 
25 
21 
0 
-20 
-32 
-43 
-49 
-48 
-27 
-40 
-3 
-3 
-10 
-17 
-16 
-19 
-6 
10 
27 
41 
12 
-7 
-29 
-55 
-31 
-19 
-22 
10 
29 
27 
31 
20 
1 
-1 
20 
5 
-24 
-29 
-45 
-40 
-33 
-26 
-13 
8 
12 
-1 
5 
-13 
-39 
-50 
-43 
-23 
-20 
-21 
10 
-1 
-3 
-14 
-45 
-46 
-52 
-62 
-26 
-29 
-18 
-31 
-65 
-62 
-30 
-9 
7 
1 
7 
-5 
-14 
-11 
2 
-6 
-23 
-35 
-39 
-51 
-47 
-62 
-65 
-41 
-1 
21 
27 
22 
0 
-36 
-27 
-37 
-55 
-41 
-53 
-55 
-33 
-15 
-25 
-32 
-38 
-13 
-13 
7 
36 
19 
-17 
-23 
-31 
-57 
-72 
-64 
-55 
-32 
-11 
-23 
-6 
5 
-7 
-37 
-30 
-40 
-39  
6 
4 
2 
-22 
-14 
-14 
-15 
-24 
-26 
-20 
-23 
-26 
-29 
-25 
-25 
-14 
-21 
-11 
-13 
-14 
-7 
-9 
-1 
-7 
-1 
-10 
-13 
-9 
-6 
-22 
-22 
6 
-3 
-5 
2 
5 
15 
16 
10 
3 
-9 
-13 
-12 
-4 
-9 
-10 
-8 
7 
5 
11 
-2 
-7 
-9 
-15 
-13 
-16 
-11 
-11 
-17 
-4 
-8 
-15 
-19 
-9 
1 
-12 
-10 
-14 
-11 
-14 
-3 
17 
28 
20 
11 
1 
-3 
-9 
-22 
-10 
-5 
2 
0 
-15 
-7 
-5 
5 
-3 
10 
1 
4 
-4 
-13 
-22 
-28 
-28 
-20 
-35 
-29 
-11 
9 
-3 
-4 
-15 
-21 
-20 
-20 
-5 
-6 
-6 
-23 
-24 
-21 
-18 
-4 
-4 
-3 
-7 
0 
-6 
-4 
-3 
1 
-6 
-6 
-13 
-23 
-21 
-20 
-17 
-25 
-16 
-14 
0 
14 
9 
12 
6 
-10 
-13 
-18 
-12 
-14 
3 
-1 
1 
-5 
-13 
-3 
-1 
-3 
-1 
0 
-8 
-17 
-20 
-31 
-23 
-31 
-35 
-25 
-23 
-17 
-17 
-13 
-10 
-2 
1 
-14 
-16 
-16 
-17 
-8 
1 
7 
2 
8 
12 
26 
29 
10 
-14 
-12 
-20 
-17 
-8 
-5 
-10 
-12 
2 
4 
6 
4 
8 
3 
-6 
-5 
-3 
-10 
-1 
20 
7 
7 
11 
5 
5 
3 
6 
-1 
0 
6 
-1 
-7 
-6 
12 
16 
12 
2 
2 
2 
-5 
-4 
4 
3 
4 
-3 
-4 
3 
6 
12 
-1 
0 
3 
8 
3 
2 
-4 
12 
17 
-1 
-5 
-5 
-8 
5 
4 
9 
12 
6 
12 
15 
24 
35 
27 
17 
15 
9 
18 
6 
1 
-8 
0 
-3 
0 
4 
11 
19 
11 
15 
11 
7 
8 
12 
18 
12 
20 
2 
1 
4 
-1 
17 
14 
18 
19 
19 
14 
20 
21 
17 
-4 
-9 
4 
6 
11 
7 
23 
24 
12 
5 
4 
2 
7 
-2 
-3 
12 
4 
-2 
-4 
3 
-8 
-3 
1 
2 
12 
4 
6 
6 
-11 
-11 
-9 
-9 
-11 
16 
28 
24 
14 
19 
15 
7 
6 
6 
4 
7 
4 
2 
0 
4 
2 
15 
21 
25 
9 
-3 
-13 
1 
-8 
-6 
-2 
0 
-3 
2 
3 
12 
2 
7 
0 
1 
-4 
5 
4 
-9 
-16 
-16 
-4 
-5 
-2 
0 
-4 
-4 
-12 
-10 
-26 
-30 
-14 
-16 
-6 
5 
-2 
19 
15 
10 
5 
-4 
4 
-4 
-8 
-18 
-1 
-7 
-11 
-4 
-6 
-7 
4 
3 
15 
11 
0 
-10 
-9 
-11 
-3 
1 
-9 
11 
14 
1 
7 
14 
7 
8 
-4 
-11 
-20 
-22 
-16 
-13 
-17 
-16 
-15 
-4 
5 
4 
4 
-1 
-5 
-6 
-30 
-29 
-7 
5 
12 
-5 
4 
2 
0 
7 
2 
-6 
-15 
-8 
-14 
-14 
-15 
-5 
4 
-12 
-5 
6 
6 
-5 
-7 
-3 
6 
1 
12 
9 
3 
3 
8 
-1 
0 
-4 
-6 
7 
22 
23 
25 
5 
17 
10 
6 
3 
9 
5 
-5 
0 
1 
4 
16 
22 
19 
7 
12 
10 
8 
2 
12 
2 
-5 
-12 
-1 
6 
4 
15 
13 
7 
6 
4 
3 
4 
13 
26 
1 
0 
5 
-2 
-16 
-5 
-1 
-4 
-9 
-3 
-9 
-1 
-2 
8 
1 
8 
6 
6 
-4 
-17 
-21 
-9 
-4 
1 
-3 
3 
2 
2 
6 
6 
-4 
-8 
-7 
18 
20 
30 
15 
10 
13 
-3 
-2 
-3 
-3 
-10 
-6 
-2 
-15 
-8 
-6 
-3 
-7 
-8 
-17 
-22 
-16 
-18 
3 
3 
-6 
-11 
-8 
-7 
-6 
1 
-3 
-11 
-4 
-8 
-1 
2 
12 
4 
-6 
5 
-4 
-16 
-8 
2 
8 
-2 
-7 
5 
3 
-7 
6 
8 
8 
3 
-6 
-11 
-18 
-4 
-12 
-3 
-3 
6 
-3 
-5 
-5 
-2 
-5 
-14 
-32 
-19 
1 
10 
13 
-14 
1 
7 
-4 
-5 
-13 
-14 
-1 
-16 
-22 
-15 
-25 
-19 
-13 
-13 
-4 
7 
0 
-6 
-10 
-10 
-9 
-24 
-30 
-38 
-23 
-21 
-13 
-1 
12 
-2 
5 
12 
16 
12 
1 
-15 
-23 
-12 
-11 
-2 
1 
6 
1 
4 
3 
10 
3 
-1 
7 
-6 
-11 
-5 
-9 
-9 
-16 
-18 
-13 
2 
10 
6 
8 
10 
3 
-1 
-10 
-13 
-9 
4 
12 
26 
11 
7 
15 
13 
0 
-7 
-8 
-6 
-5 
-16 
4 
-17 
-12 
-1 
0 
2 
-8 
-8 
-1 
15 
13 
7 
11 
-13 
-11 
-12 
-2 
-20 
-22 
-7 
-12 
0 
3 
16 
17 
31 
12 
-4 
1 
9 
16 
16 
11 
9 
9 
3 
-2 
3 
-1 
2 
1 
6 
11 
5 
14 
7 
10 
9 
9 
11 
10 
18 
8 
13 
17 
7 
-1 
-5 
6 
21 
36 
37 
23 
18 
15 
4 
4 
-10 
-16 
-14 
-15 
-5 
18 
10 
-3 
11 
5 
8 
-6 
-7 
-16 
-15 
-27 
-12 
-7 
0 
-3 
8 
15 
0 
1 
0 
-1 
11 
16 
26 
22 
13 
5 
0 
1 
3 
9 
12 
14 
8 
-1 
-7 
-1 
1 
-7 
-16 
-21 
-17 
-15 
-15 
-12 
-5 
-4 
1 
-11 
-23 
-17 
-16 
-9 
-17 
-23 
-25 
-20 
-25 
-28 
-9 
12 
10 
12 
-2 
-10 
2 
5 
2 
-2 
2 
-3 
-6 
-10 
-18 
-14 
-10 
-15 
-21 
-14 
-6 
-8 
-1 
-6 
-6 
6 
1 
-20 
-6 
-20 
-22 
-29 
-19 
-5 
-10 
3 
3 
-3 
6 
10 
11 
3 
6 
17 
10 
-17 
-29 
-21 
-11 
-9 
0 
-6 
-6 
2 
9 
6 
4 
-4 
3 
7 
-2 
-11 
-13 
-14 
-9 
2 
0 
-1 
-8 
-4 
-12 
-12 
-1 
-7 
-4 
9 
15 
11 
19 
21 
16 
-6 
6 
2 
1 
1 
-3 
-2 
-7 
-9 
-1 
3 
5 
1 
-2 
1 
8 
15 
19 
7 
2 
-3 
-13 
0 
-5 
-3 
0 
2 
-7 
-3 
17 
7 
13 
28 
32 
36 
39 
21 
6 
5 
8 
5 
3 
-1 
-2 
-1 
7 
12 
8 
15 
19 
17 
2 
3 
1 
-7 
0 
-7 
-9 
-6 
10 
12 
16 
22 
6 
-1 
4 
6 
1 
21 
26 
24 
12 
0 
-3 
-3 
6 
12 
11 
4 
-3 
-7 
-25 
-27 
-11 
1 
4 
16 
7 
2 
5 
6 
-6 
-12 
-14 
-13 
0 
3 
2 
7 
14 
13 
15 
17 
12 
26 
32 
13 
2 
-4 
-14 
-7 
-11 
-14 
-2 
0 
-5 
20 
13 
14 
4 
2 
-5 
-6 
-7 
-6 
6 
7 
12 
16 
14 
24 
24 
5 
0 
-8 
-18 
-12 
-10 
-17 
-12 
12 
20 
7 
-13 
-7 
-7 
-14 
-14 
-5 
2 
-4 
-3 
-6 
-11 
-9 
-7 
4 
-18 
-14 
-12 
-5 
-16 
-17 
-2 
2 
-3 
-2 
-19 
-27 
-29 
-23 
-26 
-17 
-23 
-22 
-3 
17 
18 
8 
-10 
-5 
1 
-7 
2 
-4 
-13 
-33 
-34 
-26 
-17 
-16 
-10 
-1 
-5 
-14 
-9 
-14 
-24 
-15 
-17 
-26 
-22 
-22 
-25 
-33 
-15 
-8 
3 
8 
-4 
0 
10 
11 
15 
-5 
-16 
-23 
-26 
-19 
-7 
-24 
-20 
-14 
-9 
-12 
-18 
-5 
-7 
-5 
-8 
-6 
-18 
-32 
-27 
-16 
-29 
-22 
-19 
-16 
-19 
-8 
-9 
-15 
-13 
2 
-12 
7 
8 
9 
8 
-4 
-11 
-23 
-28 
-26 
-16 
-6 
-5 
3 
15 
11 
-2 
-2 
-12 
-4 
-14 
-30 
-28 
-23 
-25 
-15 
-15 
1 
13 
16 
12 
21 
15 
7 
2 
-13 
-6 
0 
8 
11 
-2 
2 
-5 
1 
10 
14 
18 
-2 
-11 
-10 
-17 
-16 
-21 
-20 
-5 
-10 
0 
-9 
-13 
-2 
0 
0 
3 
4 
-13 
-23 
-26 
-25 
-16 
-19 
-17 
-7 
4 
22 
29 
25 
7 
9 
-3 
-6 
-19 
-16 
-14 
-16 
-12 
-4 
-1 
6 
17 
9 
8 
7 
5 
-2 
-13 
-19 
-17 
-13 
-24 
-14 
2 
6 
4 
12 
9 
6 
8 
0 
22 
8 
10 
-6 
-15 
-25 
-15 
-5 
0 
-4 
7 
12 
16 
3 
-5 
-13 
-7 
6 
-11 
-7 
-3 
-8 
6 
9 
19 
17 
20 
17 
11 
0 
-3 
-12 
4 
-7 
-17 
1 
13 
3 
14 
1 
-7 
1 
7 
1 
-11 
-6 
-11 
-30 
-23 
-1 
-4 
5 
2 
1 
-6 
-17 
-22 
-36 
-27 
-30 
-15 
-20 
-15 
-21 
-30 
-22 
-19 
-11 
-7 
-3 
-4 
-10 
-3 
-4 
-19 
-18 
-18 
-3 
-14 
-11 
-9 
-19 
-21 
-16 
-12 
-13 
-22 
-34 
-36 
-27 
-32 
-37 
-21 
-13 
-19 
-18 
-24 
-28 
-29 
-23 
-28 
-25 
-26 
-26 
-37 
-24 
-16 
2 
4 
3 
-8 
-13 
-22 
-28 
-35 
-36 
-30 
-11 
-13 
-20 
-14 
-23 
-16 
-20 
-30 
-20 
-17 
0 
-8 
-21 
-19 
-17 
-26 
-24 
-22 
-34 
-27 
-20 
-15 
-8 
-10 
-17 
-9 
-2 
2 
-15 
-24 
-29 
-38 
-26 
-20 
-21 
-16 
-15 
-21 
-12 
1 
0 
-17 
-16 
-20 
-16 
-13 
-13 
0 
-8 
-3 
0 
5 
-6 
5 
8 
-3 
2 
1 
7 
6 
2 
17 
12 
12 
-3 
-5 
-8 
-11 
-13 
-6 
-9 
9 
-1 
7 
15 
8 
1 
-1 
-13 
-7 
-21 
-12 
-15 
-7 
7 
15 
11 
9 
-4 
-2 
-5 
-1 
-1 
2 
-1 
-6 
15 
21 
26 
23 
24 
10 
7 
2 
-2 
5 
5 
12 
18 
26 
31 
11 
21 
17 
12 
3 
8 
10 
0 
17 
13 
23 
25 
7 
0 
-6 
-2 
0 
-1 
2 
-1 
19 
23 
32 
34 
16 
32 
9 
2 
0 
-5 
-5 
6 
11 
15 
10 
19 
21 
19 
8 
5 
14 
4 
8 
3 
-3 
-7 
1 
-1 
6 
6 
4 
0 
7 
5 
9 
12 
22 
33 
47 
28 
17 
13 
7 
-8 
-3 
-12 
-7 
-6 
2 
3 
13 
15 
19 
16 
13 
8 
8 
0 
-10 
-21 
-25 
-11 
-9 
-14 
-9 
-4 
-12 
-10 
-18 
-6 
-4 
-2 
12 
28 
25 
10 
-9 
-14 
-11 
-2 
-11 
-10 
-13 
-13 
-8 
-15 
0 
4 
-4 
0 
-9 
-16 
-19 
-15 
-8 
-11 
-12 