207
236
276
252
242
250
252
248
235
220
231
277
232
225
231
247
242
313
260
265
265
257
265
242
232
241
300
270
213
255
266
246
222
238
249
281
232
208
240
241
248
243
252
240
257
243
226
235
242
257
279
224
239
221
239
259
238
256
255
226
259
225
241
225
288
234
233
233
239
226
239
244
230
264
228
244
255
247
238
244
238
231
245
243
242
229
252
278
240
237
248
241
226
263
232
232
265
257
244
244
224
231
244
237
264
241
250
258
238
233
237
231
231
228
228
245
240
230
217
270
252
249
238
240
233
234
235
221
261
246
250
236
219
237
264
236
237
232
283
242
250
220
249
273
238
271
243
256
242
235
240
261
252
233
230
222
222
254
254
235
271
233
227
252
237
237
235
254
234
234
228
256
236
247
267
253
233
223
250
277
240
235
266
226
213
269
233
249
226
239
238
244
242
223
220
209
256
220
227
220
287
241
210
233
237
240
221
233
229
235
239
235
219
232
227
232
227
232
238
212
218
222
251
212
245
227
215
216
243
225
221
223
230
232
266
253
221
236
223
252
225
223
207
216
224
235
209
216
225
246
230
226
227
235
226
233
220
219
223
238
216
226
246
229
206
247
240
227
235
226
233
232
249
213
211
232
277
261
218
220
228
245
225
210
233
231
226
215
225
211
210
210
209
224
207
238
227
212
221
230
217
209
216
206
225
207
216
208
214
211
228
230
220
214
227
239
212
212
223
212
213
207
205
213
218
213
210
206
213
231
218
212
202
205
232
225
217
203
232
237
228
198
211
217
232
235
216
203
210
205
228
234
226
227
187
206
218
236
215
227
209
215
198
224
229
216
235
205
204
226
221
186
219
225
218
203
211
225
228
219
198
209
227
208
231
210
201
222
222
224
221
215
210
202
218
223
239
216
224
210
232
225
216
229
214
232
210
221
241
219
235
235
240
207
224
209
207
216
227
228
214
213
221
209
212
213
211
220
227
225
235
220
222
226
217
226
264
229
211
218
249
247
219
272
230
242
228
227
219
232
236
222
234
244
235
215
205
235
224
215
230
235
221
214
214
218
219
237
243
233
209
251
225
211
246
246
252
209
227
228
236
241
244
226
243
234
265
234
228
242
246
228
249
248
235
237
279
235
256
257
279
275
256
246
244
231
269
228
252
241
252
259
266
267
274
283
256
267
238
271
256
251
325
316
242
329
243
236
275
271
232
226
279
244
278
224
258
281
256
268
277
270
283
265
250
260
223
259
242
261
257
249
254
265
261
284
256
241
228
227
259
273
268
237
245
307
295
290
305
265
256
240
274
223
271
236
232
234
236
264
242
224
226
255
258
294
284
234
248
280
245
239
247
266
226
242
236
221
249
240
267
251
250
261
239
239
265
264
307
272
280
267
232
244
264
309
242
247
261
263
221
253
224
245
243
278
237
245
267
286
268
271
250
244
278
276
255
263
219
250
250
261
241
236
230
245
225
248
240
266
266
264
252
251
270
256
256
244
238
241
258
249
232
244
216
235
249
240
231
213
216
218
238
246
233
222
264
248
257
251
214
230
219
277
220
233
234
233
259
228
243
233
242
245
234
236
227
237
228
217
228
226
245
242
217
230
244
211
206
243
239
220
226
231
212
211
221
228
219
221
216
216
239
223
229
203
209
236
225
209
218
224
230
220
214
235
234
222
216
209
209
237
237
233
209
231
236
211
208
220
229
226
223
216
218
217
237
225
226
224
218
226
232
227
217
226
217
223
226
216
202
226
224
233
217
196
218
219
204
240
232
239
235
207
219
224
253
225
230
240
215
216
229
230
