199
235
214
230
229
231
197
229
205
217
206
240
212
235
242
217
235
231
228
229
223
244
241
225
224
228
242
237
227
254
231
249
226
252
236
245
248
247
229
237
215
232
211
231
225
241
225
234
238
224
226
240
218
241
230
229
231
243
227
231
225
246
235
267
223
228
254
256
243
218
226
230
251
235
235
231
249
240
268
214
266
247
250
238
240
235
238
237
266
232
252
217
234
236
244
238
237
234
214
228
230
235
234
220
235
251
246
223
233
229
224
242
217
214
212
233
228
222
220
223
240
230
225
227
221
202
228
212
245
210
239
215
234
218
219
264
247
245
230
210
225
208
207
211
205
219
223
246
239
255
209
237
231
219
217
214
217
228
225
224
213
