264
245
272
265
239
245
221
239
283
301
303
298
315
265
267
322
404
375
381
319
289
310
308
265
287
280
266
256
276
279
450
276
286
278
285
248
282
243
225
234
264
308
247
248
292
241
299
259
234
234
249
243
322
228
235
240
244
220
259
277
242
267
274
232
222
245
230
222
228
253
233
226
226
222
234
212
209
217
248
226
228
223
230
249
216
239
208
218
235
206
223
219
230
222
216
222
209
221
202
215
228
205
228
210
219
226
224
206
206
226
213
202
223
227
206
215
216
212
207
208
222
207
224
230
209
226
209
214
216
201
214
242
213
227
240
203
213
216
230
208
246
240
216
235
235
231
247
237
246
255
234
263
250
245
235
226
232
235
248
230
231
286
245
287
277
269
242
240
254
266
249
260
262
231
232
243
298
256
242
249
250
259
264
247
257
307
246
261
246
249
270
263
255
281
280
269
275
271
262
309
283
310
265
281
253
298
279
292
279
298
247
323
300
257
274
313
231
258
258
255
301
292
230
281
