229
249
240
232
235
233
224
211
225
263
247
221
220
223
224
253
259
230
239
237
238
245
207
247
229
220
256
243
240
206
236
225
212
236
261
240
237
229
236
228
235
243
237
226
243
232
240
245
240
221
239
232
242
227
231
246
230
229
240
226
224
262
247
248
238
231
220
254
239
276
261
237
244
243
284
261
253
229
234
243
241
230
222
253
203
281
239
243
224
238
232
219
249
241
219
221
236
236
227
227
232
224
233
224
233
235
236
240
227
228
240
228
217
241
222
231
231
241
224
220
239
228
233
252
221
237
240
223
268
233
268
240
249
245
234
226
238
224
247
218
207
248
205
222
225
224
240
223
222
219
212
243
222
220
226
211
229
222
219
217
198
225
214
206
217
240
198
229
226
207
209
222
220
217
215
230
212
203
211
224
202
220
217
211
220
212
219
222
217
214
212
209
207
234
205
200
215
202
204
242
208
213
220
207
207
219
210
215
226
206
225
200
275
207
217
205
222
210
215
210
228
202
212
209
211
217
205
218
207
206
218
209
219
226
203
208
314
218
204
223
201
218
197
219
217
216
233
197
226
227
202
230
195
205
234
197
225
210
209
212
233
207
216
205
198
234
210
211
218
206
211
227
204
205
228
201
205
229
213
218
218
244
221
181
225
269
218
191
241
235
205
221
242
196
221
229
224
239
243
238
208
255
215
220
227
219
229
248
240
239
243
237
235
237
235
229
247
234
242
246
214
237
241
215
218
228
246
286
229
232
241
222
222
252
232
256
237
250
225
226
250
347
242
200
277
251
201
319
280
232
252
230
235
229
246
242
255
239
268
238
247
239
255
241
249
236
259
225
253
241
238
247
233
228
249
243
242
233
220
230
271
234
251
252
222
257
226
212
231
231
253
224
241
250
237
220
219
228
226
234
223
221
224
216
232
236
215
222
226
219
246
219
240
220
213
221
238
200
231
235
211
226
227
220
217
230
216
222
236
228
237
216
227
233
236
232
218
206
232
236
225
233
207
220
256
210
231
238
218
223
209
227
222
211
238
238
221
229
231
238
203
229
264
224
226
233
220
227
237
221
212
246
217
223
236
224
216
235
202
216
228
207
200
270
200
201
237
231
212
209
212
212
232
219
223
203
246
276
166
224
223
214
247
209
237
219
199
229
228
208
211
227
208
210
233
232
217
226
231
224
231
224
233
225
223
234
244
227
234
226
226
210
212
246
224
222
211
229
242
227
305
296
178
339
285
241
290
217
263
276
222
228
237
255
236
272
227
247
236
268
255
253
252
277
247
261
290
239
260
245
236
315
249
260
245
267
290
253
275
266
235
246
260
226
239
232
228
273
266
269
285
242
304
317
261
261
281
248
251
254
301
272
220
269
236
246
251
223
229
243
217
228
228
237
233
246
235
243
256
242
268
271
230
236
256
238
236
240
290
223
269
251
266
222
233
229
239
245
263
257
222
234
248
256
271
227
250
260
276
262
232
233
263
251
512
512
512
461
348
312
306
285
285
262
277
231
297
291
264
252
242
248
233
239
244
266
248
261
256
266
271
272
234
244
256
252
251
233
251
254
239
292
315
176
231
264
272
230
229
301
258
292
298
301
291
252
277
242
255
234
312
242
271
257
248
231
289
267
259
276
273
271
256
262
263
257
238
285
269
262
291
230
260
257
262
244
250
251
273
