number of samples/sec: 7810
sampling period:
112
116
116
112
112
112
112
112
108
116
112
108
112
116
116
116
116
116
116
124
116
112
116
116
116
116
116
116
116
116
116
116
116
116
116
116
116
116
116
108
108
108
108
116
112
116
116
108
108
108
116
116
108
108
108
108
108
116
116
116
116
116
116
116
116
116
116
116
116
116
116
116
116
116
116
116
116
116
116
116
116
116
116
116
116
116
116
116
116
116
116
116
116
116
116
116
116
116
112